10001 8360
20001 5080
30001 4930
40001 4810
50001 4730
60001 4700
70001 4700
80001 4700
90001 4700
100001 4680
110001 4610
120001 4600
130001 4600
140001 4600
150001 4600
160001 4600
170001 4600
180001 4600
190001 4600
200001 4600
210001 4600
220001 4600
230001 4600
240001 4600
250001 4600
260001 4600
270001 4600
280001 4600
290001 4600
300001 4580
310001 4580
320001 4580
330001 4580
340001 4580
350001 4560
360001 4530
370001 4530
380001 4530
390001 4530
400001 4490
410001 4470
420001 4470
430001 4470
440001 4460
450001 4440
460001 4430
470001 4420
480001 4420
490001 4420
500000 4420
10001 7290
20001 6020
30001 5860
40001 5840
50001 5810
60001 5810
70001 5810
80001 5810
90001 5810
100001 5790
110001 5790
120001 5770
130001 5770
140001 5770
150001 5770
160001 5760
170001 5760
180001 5760
190001 5760
200001 5760
210001 5760
220001 5760
230001 5760
240001 5760
250001 5760
260001 5760
270001 5760
280001 5760
290001 5760
300001 5760
310001 5760
320001 5760
330001 5760
340001 5750
350001 5750
360001 5750
370001 5750
380001 5740
390001 5720
400001 5720
410001 5720
420001 5720
430001 5700
440001 5700
450001 5680
460001 5670
470001 5640
480001 5640
490001 5640
500000 5640
10001 7410
20001 5250
30001 4150
40001 4090
50001 3070
60001 3070
70001 3040
80001 3040
90001 3040
100001 3040
110001 3040
120001 3040
130001 3010
140001 3000
150001 3000
160001 3000
170001 3000
180001 3000
190001 3000
200001 3000
210001 3000
220001 3000
230001 3000
240001 3000
250001 2960
260001 2960
270001 2960
280001 2960
290001 2960
300001 2960
310001 2960
320001 2940
330001 2940
340001 2940
350001 2940
360001 2940
370001 2940
380001 2940
390001 2940
400001 2940
410001 2940
420001 2940
430001 2920
440001 2920
450001 2860
460001 2790
470001 2750
480001 2750
490001 2750
500000 2750
10001 9110
20001 7880
30001 7710
40001 7630
50001 7620
60001 7620
70001 7620
80001 7620
90001 7620
100001 7620
110001 7620
120001 7620
130001 7600
140001 7600
150001 7600
160001 7600
170001 7600
180001 7580
190001 7560
200001 7540
210001 6540
220001 6540
230001 6540
240001 6540
250001 6540
260001 6540
270001 6540
280001 6540
290001 6540
300001 6540
310001 6520
320001 6520
330001 6500
340001 6500
350001 6500
360001 6500
370001 6480
380001 6480
390001 6480
400001 6480
410001 6480
420001 6480
430001 6480
440001 6480
450001 6480
460001 6480
470001 6480
480001 6480
490001 6480
500000 6480
10001 10490
20001 8200
30001 7950
40001 7800
50001 7780
60001 7780
70001 7780
80001 7780
90001 7780
100001 7780
110001 7780
120001 7780
130001 7780
140001 7780
150001 7780
160001 7740
170001 7730
180001 7730
190001 7730
200001 7730
210001 7730
220001 7730
230001 7730
240001 7730
250001 7700
260001 7700
270001 7700
280001 7690
290001 7690
300001 7690
310001 7690
320001 7690
330001 7690
340001 7690
350001 7690
360001 7690
370001 7690
380001 7690
390001 7660
400001 7660
410001 7660
420001 7660
430001 7660
440001 7630
450001 7630
460001 7630
470001 7630
480001 7630
490001 7630
500000 7630
