10001 8532 1.39978e+06 529.108
20001 6486 1.72054e+06 586.608
30001 6120 2.24832e+06 670.57
40001 6034 2.19618e+06 662.749
50001 5802 3.16614e+06 795.756
60001 5796 3.17914e+06 797.389
70001 5790 3.212e+06 801.499
80001 5790 3.212e+06 801.499
90001 5790 3.212e+06 801.499
100001 5782 3.22066e+06 802.578
110001 5768 3.2523e+06 806.511
120001 5762 3.25682e+06 807.071
130001 5752 3.27478e+06 809.293
140001 5750 3.28576e+06 810.649
150001 5750 3.28576e+06 810.649
160001 5740 3.25344e+06 806.652
170001 5738 3.24546e+06 805.662
180001 5734 3.23062e+06 803.819
190001 5730 3.21592e+06 801.988
200001 5726 3.20134e+06 800.168
210001 5526 2.63574e+06 726.05
220001 5526 2.63574e+06 726.05
230001 5526 2.63574e+06 726.05
240001 5526 2.63574e+06 726.05
250001 5512 2.65002e+06 728.013
260001 5512 2.65002e+06 728.013
270001 5512 2.65002e+06 728.013
280001 5510 2.64128e+06 726.812
290001 5510 2.64128e+06 726.812
300001 5506 2.64862e+06 727.822
310001 5502 2.64042e+06 726.693
320001 5498 2.66082e+06 729.495
330001 5494 2.6527e+06 728.382
340001 5492 2.65166e+06 728.238
350001 5488 2.65902e+06 729.248
360001 5482 2.6703e+06 730.794
370001 5478 2.66222e+06 729.687
380001 5476 2.66114e+06 729.54
390001 5466 2.63262e+06 725.62
400001 5458 2.64786e+06 727.716
410001 5454 2.65566e+06 728.789
420001 5454 2.65566e+06 728.789
430001 5446 2.67374e+06 731.265
440001 5438 2.65122e+06 728.178
450001 5418 2.71786e+06 737.273
460001 5400 2.79304e+06 747.401
470001 5384 2.8357e+06 753.088
480001 5384 2.8357e+06 753.088
490001 5384 2.8357e+06 753.088
500000 5384 2.8357e+06 753.088
