10001 10160 1.2806e+06 506.083
20001 8504 3.24966e+06 806.184
30001 8336 2.11866e+06 650.948
40001 7646 1.16658e+06 483.029
50001 8206 4.94562e+06 994.548
60001 8406 3.84258e+06 876.651
70001 7196 3.9507e+06 888.899
80001 7198 4.30098e+06 927.467
90001 7002 3.58554e+06 846.822
100001 7596 5.22774e+06 1022.52
110001 8188 5.89062e+06 1085.41
120001 7758 1.09008e+07 1476.53
130001 7758 4.45302e+06 943.718
140001 7756 1.31774e+06 513.37
150001 6362 3.92346e+06 885.828
160001 6148 3.04698e+06 780.638
170001 7938 3.62898e+06 851.936
180001 7740 4.40708e+06 938.838
190001 8128 1.69322e+06 581.931
200001 6940 1.4328e+06 535.313
210001 7534 6.21346e+06 1114.76
220001 7724 6.23474e+06 1116.67
230001 8958 5.68354e+06 1066.16
240001 7334 1.95622e+06 625.496
250001 7118 183136 191.382
260001 7716 7.59002e+06 1232.07
270001 8718 2.22638e+06 667.289
280001 6926 2.46902e+06 702.712
290001 6308 1.66122e+06 576.405
300001 8104 1.19782e+06 489.454
310001 7322 3.93458e+06 887.082
320001 6714 5.55238e+06 1053.79
330001 6304 4.22534e+06 919.276
340001 7308 8.72982e+06 1321.35
350001 6890 1.25996e+06 501.988
360001 7492 8.1383e+06 1275.8
370001 7670 812080 403.009
380001 8086 4.19646e+06 916.129
390001 7660 3.9956e+06 893.935
400001 6664 5.23906e+06 1023.63
410001 7264 3.40674e+06 825.439
420001 7656 1.45338e+06 539.145
430001 7264 5.80778e+06 1077.76
440001 8254 4.06714e+06 901.903
450001 7840 3.63524e+06 852.671
460001 7424 8.1849e+06 1279.45
470001 7590 3.09676e+06 786.989
480001 7586 722984 380.259
490001 7590 5.74752e+06 1072.15
500000 7390 6.7006e+06 1157.64
