10001 9400
20001 6110
30001 6960
40001 6800
50001 6730
60001 7730
70001 4710
80001 5700
90001 4700
100001 8710
110001 5640
120001 5610
130001 5600
140001 7590
150001 5590
160001 5610
170001 5610
180001 7590
190001 8590
200001 6600
210001 6620
220001 5620
230001 7640
240001 6620
250001 6630
260001 9600
270001 7600
280001 5610
290001 4600
300001 8540
310001 6600
320001 8620
330001 4580
340001 5600
350001 5550
360001 6560
370001 6520
380001 5540
390001 8510
400001 5480
410001 7500
420001 7490
430001 5460
440001 6470
450001 5490
460001 7470
470001 6430
480001 7400
490001 6440
500000 6410
10001 10310
20001 8030
30001 7880
40001 6830
50001 7790
60001 6830
70001 7810
80001 7800
90001 7840
100001 5810
110001 8810
120001 7750
130001 8770
140001 7770
150001 6800
160001 6750
170001 6760
180001 9740
190001 5770
200001 6760
210001 7790
220001 8750
230001 6800
240001 8770
250001 6750
260001 10790
270001 9770
280001 5760
290001 6750
300001 6780
310001 8800
320001 5780
330001 5780
340001 6760
350001 6750
360001 6760
370001 8740
380001 9780
390001 9740
400001 7750
410001 7710
420001 9720
430001 7710
440001 6710
450001 6680
460001 6700
470001 8650
480001 6630
490001 7650
500000 9650
10001 8430
20001 7250
30001 7150
40001 7110
50001 5080
60001 6040
70001 5070
80001 4040
90001 5060
100001 4030
110001 5060
120001 3040
130001 5030
140001 6010
150001 3000
160001 3010
170001 7000
180001 4010
190001 8020
200001 5020
210001 3990
220001 4000
230001 8070
240001 4980
250001 6970
260001 2960
270001 8970
280001 5960
290001 4970
300001 6960
310001 3960
320001 2940
330001 3940
340001 3960
350001 5950
360001 3960
370001 6940
380001 5940
390001 3930
400001 2940
410001 3950
420001 5940
430001 4960
440001 6940
450001 6880
460001 2800
470001 4750
480001 6750
490001 3740
500000 2780
10001 11140
20001 10900
30001 8720
40001 9680
50001 10630
60001 10640
70001 8610
80001 8630
90001 7620
100001 9640
110001 10620
120001 12610
130001 10600
140001 9630
150001 7620
160001 7610
170001 9620
180001 7600
190001 8550
200001 8580
210001 7540
220001 10510
230001 13560
240001 8560
250001 7530
260001 6540
270001 6540
280001 7560
290001 7530
300001 8540
310001 7560
320001 6520
330001 9520
340001 7510
350001 7520
360001 7510
370001 7470
380001 8460
390001 7470
400001 7470
410001 7500
420001 7470
430001 6490
440001 9510
450001 10520
460001 8500
470001 8500
480001 8500
490001 10500
500000 8490
10001 11520
20001 10230
30001 10970
40001 7810
50001 10800
60001 10790
70001 9780
80001 9820
90001 9790
100001 9790
110001 10810
120001 9780
130001 8790
140001 7780
150001 8800
160001 7760
170001 10700
180001 9760
190001 9710
200001 7740
210001 11730
220001 9740
230001 8720
240001 7740
250001 7710
260001 8690
270001 10710
280001 9740
290001 7690
300001 9700
310001 9690
320001 9710
330001 7700
340001 12710
350001 8680
360001 12670
370001 8680
380001 10710
390001 8650
400001 9680
410001 9660
420001 7660
430001 11700
440001 11640
450001 9630
460001 11650
470001 9620
480001 8650
490001 9620
500000 9620
