10001 Fitness= 9400 Best= 8360
20001 Fitness= 6110 Best= 5080
30001 Fitness= 6960 Best= 4930
40001 Fitness= 6800 Best= 4810
50001 Fitness= 6730 Best= 4730
60001 Fitness= 7730 Best= 4700
70001 Fitness= 4710 Best= 4700
80001 Fitness= 5700 Best= 4700
90001 Fitness= 4700 Best= 4700
100001 Fitness= 8710 Best= 4680
110001 Fitness= 5640 Best= 4610
120001 Fitness= 5610 Best= 4600
130001 Fitness= 5600 Best= 4600
140001 Fitness= 7590 Best= 4600
150001 Fitness= 5590 Best= 4600
160001 Fitness= 5610 Best= 4600
170001 Fitness= 5610 Best= 4600
180001 Fitness= 7590 Best= 4600
190001 Fitness= 8590 Best= 4600
200001 Fitness= 6600 Best= 4600
210001 Fitness= 6620 Best= 4600
220001 Fitness= 5620 Best= 4600
230001 Fitness= 7640 Best= 4600
240001 Fitness= 6620 Best= 4600
250001 Fitness= 6630 Best= 4600
260001 Fitness= 9600 Best= 4600
270001 Fitness= 7600 Best= 4600
280001 Fitness= 5610 Best= 4600
290001 Fitness= 4600 Best= 4600
300001 Fitness= 8540 Best= 4580
310001 Fitness= 6600 Best= 4580
320001 Fitness= 8620 Best= 4580
330001 Fitness= 4580 Best= 4580
340001 Fitness= 5600 Best= 4580
350001 Fitness= 5550 Best= 4560
360001 Fitness= 6560 Best= 4530
370001 Fitness= 6520 Best= 4530
380001 Fitness= 5540 Best= 4530
390001 Fitness= 8510 Best= 4530
400001 Fitness= 5480 Best= 4490
410001 Fitness= 7500 Best= 4470
420001 Fitness= 7490 Best= 4470
430001 Fitness= 5460 Best= 4470
440001 Fitness= 6470 Best= 4460
450001 Fitness= 5490 Best= 4440
460001 Fitness= 7470 Best= 4430
470001 Fitness= 6430 Best= 4420
480001 Fitness= 7400 Best= 4420
490001 Fitness= 6440 Best= 4420
500000 Fitness= 6410 Best= 4420


=== RESULTS (last random solution) ===

Over-allocated projects (violations) :
PRJ_ID	N_ALLOC	MAX
9246	4	2
9624	3	2
STUDENT	CHOICE	PRJ_ID	N_ALLOC	MAX
1	2	10471	1	1
2	1	9911	1	1
3	1	10767	1	1
4	1	9166	1	2
5	2	10327	3	4
6	3	8826	1	1
7	1	10587	1	1
8	3	9688	1	1
9	1	10607	1	1
10	1	10088	1	4
11	1	10044	1	1
12	1	9996	1	1
13	3	9426	5	5
14	3	9989	1	1
15	1	10253	1	1
16	1	9246	4	2
17	1	10022	2	2
18	1	10327	3	4
19	3	9689	1	1
20	3	9105	1	1
21	1	10667	1	1
22	1	9528	1	1
23	1	9007	2	3
24	2	9999	4	4
25	1	9426	5	5
26	2	9245	2	2
27	1	10271	1	4
28	1	10016	1	1
29	1	10347	7	7
30	3	9225	1	2
31	1	9993	1	1
32	3	9489	1	2
33	1	10001	3	3
34	2	9982	2	2
35	1	9209	1	1
36	1	9972	1	1
37	5	9968	1	1
38	1	9245	2	2
39	4	10048	1	1
40	5	10015	1	1
41	2	10030	2	2
42	2	10107	1	4
43	1	10807	1	1
44	1	9667	2	2
45	4	10470	1	2
46	5	9787	2	2
47	1	9226	2	2
48	2	10022	2	2
49	1	9545	1	1
50	1	9265	4	4
51	1	9208	1	1
52	2	10023	2	2
53	4	10023	2	2
54	1	9624	3	2
55	2	10472	3	4
56	4	9426	5	5
57	1	10259	1	2
58	1	10268	1	2
59	2	9249	1	1
60	1	9992	1	1
61	3	10187	1	1
62	2	10327	3	4
63	1	10347	7	7
64	1	10347	7	7
65	3	9728	1	2
66	1	10687	2	2
67	3	9265	4	4
68	3	9265	4	4
69	1	9827	1	1
70	1	9624	3	2
71	4	10064	2	2
72	1	10030	2	2
73	1	9999	4	4
74	1	10347	7	7
75	1	10046	1	4
76	2	9947	1	1
77	5	10012	1	1
78	4	10472	3	4
79	5	10001	3	3
80	1	10010	1	1
81	1	9999	4	4
82	3	8985	1	1
83	1	9887	2	3
84	1	9887	2	3
85	2	10039	2	2
86	5	10527	1	1
87	2	10042	1	1
88	1	10347	7	7
89	4	10127	3	4
90	1	10127	3	4
91	1	9982	2	2
92	3	9787	2	2
93	3	10032	1	1
94	1	10367	1	1
95	1	8825	1	1
96	2	9206	1	1
97	1	9246	4	2
98	4	10472	3	4
99	1	10627	1	1
100	1	10062	1	1
101	4	9888	1	1
102	1	9226	2	2
103	2	10507	1	1
104	1	9667	2	2
105	1	10347	7	7
106	1	10013	1	1
107	2	10002	1	1
108	1	10747	1	1
109	4	10025	1	1
110	1	10007	1	1
111	1	10170	1	1
112	1	9306	1	1
113	1	10707	1	1
114	1	9627	1	1
115	2	9426	5	5
116	5	9265	4	4
117	4	9647	1	1
118	1	10128	1	1
119	2	10567	1	1
120	2	9619	1	1
121	1	10001	3	3
122	1	9205	1	1
123	2	9999	4	4
124	1	9927	1	1
125	1	8885	1	1
126	1	9912	1	1
127	1	10026	1	2
128	1	9246	4	2
129	4	10547	1	1
130	2	9007	2	3
131	1	10045	1	2
132	4	10331	1	1
133	1	10249	1	1
134	1	10508	2	2
135	1	10508	2	2
136	1	9624	3	2
137	1	9788	1	1
138	3	10729	1	1
139	4	10064	2	2
140	5	10039	2	2
141	1	9426	5	5
142	1	9246	4	2
143	3	10056	1	1
144	4	9485	1	2
145	2	9975	1	1
146	1	9976	1	1
147	1	10127	3	4
148	2	9984	1	1
149	1	9405	1	1
150	1	10347	7	7
151	1	9465	1	1
152	3	9565	1	1
153	2	9006	1	3
154	1	10787	1	1
155	1	10687	2	2
156	4	9613	1	1
157	1	10248	1	1
Summary details:
#violations= 3
fitness= 4420
89 students got their choice 1 project
26 students got their choice 2 project
18 students got their choice 3 project
16 students got their choice 4 project
8 students got their choice 5 project
10001 Fitness= 10310 Best= 7290
20001 Fitness= 8030 Best= 6020
30001 Fitness= 7880 Best= 5860
40001 Fitness= 6830 Best= 5840
50001 Fitness= 7790 Best= 5810
60001 Fitness= 6830 Best= 5810
70001 Fitness= 7810 Best= 5810
80001 Fitness= 7800 Best= 5810
90001 Fitness= 7840 Best= 5810
100001 Fitness= 5810 Best= 5790
110001 Fitness= 8810 Best= 5790
120001 Fitness= 7750 Best= 5770
130001 Fitness= 8770 Best= 5770
140001 Fitness= 7770 Best= 5770
150001 Fitness= 6800 Best= 5770
160001 Fitness= 6750 Best= 5760
170001 Fitness= 6760 Best= 5760
180001 Fitness= 9740 Best= 5760
190001 Fitness= 5770 Best= 5760
200001 Fitness= 6760 Best= 5760
210001 Fitness= 7790 Best= 5760
220001 Fitness= 8750 Best= 5760
230001 Fitness= 6800 Best= 5760
240001 Fitness= 8770 Best= 5760
250001 Fitness= 6750 Best= 5760
260001 Fitness= 10790 Best= 5760
270001 Fitness= 9770 Best= 5760
280001 Fitness= 5760 Best= 5760
290001 Fitness= 6750 Best= 5760
300001 Fitness= 6780 Best= 5760
310001 Fitness= 8800 Best= 5760
320001 Fitness= 5780 Best= 5760
330001 Fitness= 5780 Best= 5760
340001 Fitness= 6760 Best= 5750
350001 Fitness= 6750 Best= 5750
360001 Fitness= 6760 Best= 5750
370001 Fitness= 8740 Best= 5750
380001 Fitness= 9780 Best= 5740
390001 Fitness= 9740 Best= 5720
400001 Fitness= 7750 Best= 5720
410001 Fitness= 7710 Best= 5720
420001 Fitness= 9720 Best= 5720
430001 Fitness= 7710 Best= 5700
440001 Fitness= 6710 Best= 5700
450001 Fitness= 6680 Best= 5680
460001 Fitness= 6700 Best= 5670
470001 Fitness= 8650 Best= 5640
480001 Fitness= 6630 Best= 5640
490001 Fitness= 7650 Best= 5640
500000 Fitness= 9650 Best= 5640


=== RESULTS (last random solution) ===

Over-allocated projects (violations) :
PRJ_ID	N_ALLOC	MAX
9246	4	2
9624	3	2
9827	2	1
STUDENT	CHOICE	PRJ_ID	N_ALLOC	MAX
1	5	9306	1	1
2	1	9911	1	1
3	1	10767	1	1
4	1	9166	1	2
5	1	9996	1	1
6	3	8826	1	1
7	4	9265	4	4
8	1	9426	5	5
9	5	9265	4	4
10	1	10088	2	4
11	1	10044	1	1
12	2	10147	1	2
13	5	9991	1	1
14	5	9787	2	2
15	1	10253	1	1
16	1	9246	4	2
17	1	10022	2	2
18	1	10327	3	4
19	2	10012	1	1
20	1	9426	5	5
21	1	10667	1	1
22	1	9528	1	1
23	1	9007	3	3
24	2	9999	4	4
25	1	9426	5	5
26	2	9245	2	2
27	1	10271	1	4
28	1	10016	1	1
29	1	10347	7	7
30	1	9667	2	2
31	3	10427	1	2
32	3	9489	1	2
33	1	10001	3	3
34	1	9827	2	1
35	1	9209	1	1
36	1	9972	1	1
37	1	9912	1	1
38	1	9245	2	2
39	1	10022	2	2
40	4	9265	4	4
41	2	10030	1	2
42	4	9993	1	1
43	1	10807	1	1
44	4	9405	1	1
45	4	10470	1	2
46	4	10527	1	1
47	1	9226	2	2
48	4	10023	2	2
49	1	9545	1	1
50	2	9887	3	3
51	1	9208	1	1
52	2	10023	2	2
53	1	9006	2	3
54	1	9624	3	2
55	2	10472	4	4
56	5	8646	1	1
57	1	10259	1	2
58	1	10268	1	2
59	1	10249	1	1
60	1	9992	1	1
61	2	9249	1	1
62	2	10327	3	4
63	1	10347	7	7
64	1	10347	7	7
65	3	9728	1	2
66	1	10687	1	2
67	4	10472	4	4
68	4	10472	4	4
69	1	9827	2	1
70	1	9624	3	2
71	4	10064	2	2
72	5	10472	4	4
73	1	9999	4	4
74	1	10347	7	7
75	3	9688	1	1
76	1	9465	1	1
77	1	10046	2	4
78	1	9887	3	3
79	5	10001	3	3
80	1	10010	1	1
81	1	9999	4	4
82	3	8985	1	1
83	1	9887	3	3
84	2	10332	1	1
85	3	10127	3	4
86	4	9968	1	1
87	2	10042	1	1
88	1	10347	7	7
89	2	10025	1	1
90	1	10127	3	4
91	1	9982	2	2
92	1	9667	2	2
93	3	10032	1	1
94	1	10367	1	1
95	2	10039	2	2
96	4	10046	2	4
97	1	9246	4	2
98	1	8825	1	1
99	1	10627	1	1
100	2	10327	3	4
101	1	9984	1	1
102	1	9226	2	2
103	1	10508	2	2
104	2	9689	1	1
105	1	10347	7	7
106	1	10013	1	1
107	2	10002	1	1
108	3	10088	2	4
109	3	9206	1	1
110	1	10007	1	1
111	1	10170	1	1
112	3	10062	1	1
113	1	10707	1	1
114	1	9627	1	1
115	3	9989	1	1
116	5	9265	4	4
117	4	9647	1	1
118	1	10128	1	1
119	2	10567	1	1
120	2	9619	1	1
121	1	10001	3	3
122	3	9007	3	3
123	2	9999	4	4
124	1	9927	1	1
125	3	9446	1	1
126	4	9205	1	1
127	3	9426	5	5
128	1	9246	4	2
129	3	9426	5	5
130	2	9007	3	3
131	1	10045	1	2
132	4	10331	1	1
133	2	10648	1	1
134	4	10107	1	4
135	1	10508	2	2
136	1	9624	3	2
137	3	9789	1	1
138	3	10729	1	1
139	4	10064	2	2
140	5	10039	2	2
141	2	10248	1	1
142	1	9246	4	2
143	2	8885	1	1
144	2	9982	2	2
145	1	10048	1	1
146	1	9976	1	1
147	1	10127	3	4
148	1	9613	1	1
149	3	10015	1	1
150	1	10347	7	7
151	2	9389	1	1
152	3	9565	1	1
153	2	9006	2	3
154	1	10787	1	1
155	5	9505	1	1
156	5	9787	2	2
157	3	10187	1	1
Summary details:
#violations= 4
fitness= 5640
81 students got their choice 1 project
27 students got their choice 2 project
21 students got their choice 3 project
17 students got their choice 4 project
11 students got their choice 5 project
10001 Fitness= 8430 Best= 7410
20001 Fitness= 7250 Best= 5250
30001 Fitness= 7150 Best= 4150
40001 Fitness= 7110 Best= 4090
50001 Fitness= 5080 Best= 3070
60001 Fitness= 6040 Best= 3070
70001 Fitness= 5070 Best= 3040
80001 Fitness= 4040 Best= 3040
90001 Fitness= 5060 Best= 3040
100001 Fitness= 4030 Best= 3040
110001 Fitness= 5060 Best= 3040
120001 Fitness= 3040 Best= 3040
130001 Fitness= 5030 Best= 3010
140001 Fitness= 6010 Best= 3000
150001 Fitness= 3000 Best= 3000
160001 Fitness= 3010 Best= 3000
170001 Fitness= 7000 Best= 3000
180001 Fitness= 4010 Best= 3000
190001 Fitness= 8020 Best= 3000
200001 Fitness= 5020 Best= 3000
210001 Fitness= 3990 Best= 3000
220001 Fitness= 4000 Best= 3000
230001 Fitness= 8070 Best= 3000
240001 Fitness= 4980 Best= 3000
250001 Fitness= 6970 Best= 2960
260001 Fitness= 2960 Best= 2960
270001 Fitness= 8970 Best= 2960
280001 Fitness= 5960 Best= 2960
290001 Fitness= 4970 Best= 2960
300001 Fitness= 6960 Best= 2960
310001 Fitness= 3960 Best= 2960
320001 Fitness= 2940 Best= 2940
330001 Fitness= 3940 Best= 2940
340001 Fitness= 3960 Best= 2940
350001 Fitness= 5950 Best= 2940
360001 Fitness= 3960 Best= 2940
370001 Fitness= 6940 Best= 2940
380001 Fitness= 5940 Best= 2940
390001 Fitness= 3930 Best= 2940
400001 Fitness= 2940 Best= 2940
410001 Fitness= 3950 Best= 2940
420001 Fitness= 5940 Best= 2940
430001 Fitness= 4960 Best= 2920
440001 Fitness= 6940 Best= 2920
450001 Fitness= 6880 Best= 2860
460001 Fitness= 2800 Best= 2790
470001 Fitness= 4750 Best= 2750
480001 Fitness= 6750 Best= 2750
490001 Fitness= 3740 Best= 2750
500000 Fitness= 2780 Best= 2750


=== RESULTS (last random solution) ===

Over-allocated projects (violations) :
PRJ_ID	N_ALLOC	MAX
9246	3	2
STUDENT	CHOICE	PRJ_ID	N_ALLOC	MAX
1	1	9426	5	5
2	4	9105	1	1
3	1	10767	1	1
4	1	9166	1	2
5	2	10327	3	4
6	3	8826	1	1
7	3	9989	1	1
8	2	9911	1	1
9	1	10607	1	1
10	1	10088	1	4
11	1	10044	1	1
12	1	9996	1	1
13	3	9426	5	5
14	4	9265	4	4
15	1	10253	1	1
16	1	9246	3	2
17	1	10022	2	2
18	1	10327	3	4
19	2	10012	1	1
20	4	9248	1	1
21	1	10667	1	1
22	1	9528	1	1
23	5	10017	1	1
24	2	9999	4	4
25	2	9265	4	4
26	3	9999	4	4
27	1	10271	2	4
28	1	10016	1	1
29	1	10347	7	7
30	3	9225	1	2
31	1	9993	1	1
32	3	9489	1	2
33	4	10271	2	4
34	4	9624	2	2
35	1	9209	1	1
36	1	9972	1	1
37	3	9245	2	2
38	5	10001	2	3
39	4	10048	1	1
40	5	10015	1	1
41	2	10030	1	2
42	2	10107	2	4
43	1	10807	1	1
44	1	9667	2	2
45	1	9787	2	2
46	3	9206	1	1
47	1	9226	2	2
48	2	10022	2	2
49	2	9208	1	1
50	2	9887	3	3
51	3	10687	2	2
52	2	10023	1	2
53	1	9006	3	3
54	3	9982	2	2
55	2	10472	2	4
56	4	9426	5	5
57	1	10259	1	2
58	1	10268	1	2
59	1	10249	1	1
60	1	9992	1	1
61	2	9249	1	1
62	2	10327	3	4
63	1	10347	7	7
64	1	10347	7	7
65	3	9728	1	2
66	1	10687	2	2
67	1	9426	5	5
68	4	10472	2	4
69	1	9827	1	1
70	5	9405	1	1
71	4	10064	2	2
72	4	10187	1	1
73	3	9624	2	2
74	1	10347	7	7
75	1	10046	1	4
76	1	9465	1	1
77	3	9688	1	1
78	1	9887	3	3
79	3	9265	4	4
80	1	10010	1	1
81	1	9999	4	4
82	3	8985	1	1
83	2	10332	1	1
84	1	9887	3	3
85	2	10039	2	2
86	5	10527	1	1
87	1	10013	1	1
88	1	10347	7	7
89	2	10025	1	1
90	1	10127	1	4
91	2	9968	1	1
92	3	9787	2	2
93	3	10032	1	1
94	1	10367	1	1
95	4	9620	1	1
96	3	9007	3	3
97	4	9976	1	1
98	1	8825	1	1
99	1	10627	1	1
100	1	10062	1	1
101	4	9888	1	1
102	1	9226	2	2
103	2	10507	1	1
104	4	9265	4	4
105	1	10347	7	7
106	2	10000	1	1
107	2	10002	1	1
108	1	10747	1	1
109	2	9007	3	3
110	1	10007	1	1
111	1	10170	1	1
112	1	9306	1	1
113	1	10707	1	1
114	1	9627	1	1
115	5	9967	1	1
116	4	9982	2	2
117	1	9006	3	3
118	1	10128	1	1
119	1	9246	3	2
120	1	9545	1	1
121	1	10001	2	3
122	1	9205	1	1
123	2	9999	4	4
124	1	9927	1	1
125	3	9446	1	1
126	2	8885	1	1
127	1	10026	1	2
128	4	10567	1	1
129	1	9912	1	1
130	2	9007	3	3
131	1	10045	1	2
132	4	10331	1	1
133	2	10648	1	1
134	1	10508	2	2
135	1	10508	2	2
136	5	9667	2	2
137	3	9789	1	1
138	3	10729	1	1
139	4	10064	2	2
140	5	10039	2	2
141	1	9426	5	5
142	1	9246	3	2
143	1	9689	1	1
144	4	9485	1	2
145	2	9975	1	1
146	3	9245	2	2
147	3	10471	1	1
148	1	9613	1	1
149	5	9647	1	1
150	1	10347	7	7
151	4	9619	1	1
152	3	9565	1	1
153	2	9006	3	3
154	1	10787	1	1
155	3	9616	1	1
156	2	10107	2	4
157	1	10248	1	1
Summary details:
#violations= 1
fitness= 2750
74 students got their choice 1 project
29 students got their choice 2 project
25 students got their choice 3 project
20 students got their choice 4 project
9 students got their choice 5 project
10001 Fitness= 11140 Best= 9110
20001 Fitness= 10900 Best= 7880
30001 Fitness= 8720 Best= 7710
40001 Fitness= 9680 Best= 7630
50001 Fitness= 10630 Best= 7620
60001 Fitness= 10640 Best= 7620
70001 Fitness= 8610 Best= 7620
80001 Fitness= 8630 Best= 7620
90001 Fitness= 7620 Best= 7620
100001 Fitness= 9640 Best= 7620
110001 Fitness= 10620 Best= 7620
120001 Fitness= 12610 Best= 7620
130001 Fitness= 10600 Best= 7600
140001 Fitness= 9630 Best= 7600
150001 Fitness= 7620 Best= 7600
160001 Fitness= 7610 Best= 7600
170001 Fitness= 9620 Best= 7600
180001 Fitness= 7600 Best= 7580
190001 Fitness= 8550 Best= 7560
200001 Fitness= 8580 Best= 7540
210001 Fitness= 7540 Best= 6540
220001 Fitness= 10510 Best= 6540
230001 Fitness= 13560 Best= 6540
240001 Fitness= 8560 Best= 6540
250001 Fitness= 7530 Best= 6540
260001 Fitness= 6540 Best= 6540
270001 Fitness= 6540 Best= 6540
280001 Fitness= 7560 Best= 6540
290001 Fitness= 7530 Best= 6540
300001 Fitness= 8540 Best= 6540
310001 Fitness= 7560 Best= 6520
320001 Fitness= 6520 Best= 6520
330001 Fitness= 9520 Best= 6500
340001 Fitness= 7510 Best= 6500
350001 Fitness= 7520 Best= 6500
360001 Fitness= 7510 Best= 6500
370001 Fitness= 7470 Best= 6480
380001 Fitness= 8460 Best= 6480
390001 Fitness= 7470 Best= 6480
400001 Fitness= 7470 Best= 6480
410001 Fitness= 7500 Best= 6480
420001 Fitness= 7470 Best= 6480
430001 Fitness= 6490 Best= 6480
440001 Fitness= 9510 Best= 6480
450001 Fitness= 10520 Best= 6480
460001 Fitness= 8500 Best= 6480
470001 Fitness= 8500 Best= 6480
480001 Fitness= 8500 Best= 6480
490001 Fitness= 10500 Best= 6480
500000 Fitness= 8490 Best= 6480


=== RESULTS (last random solution) ===

Over-allocated projects (violations) :
PRJ_ID	N_ALLOC	MAX
9246	5	2
9976	2	1
9624	3	2
STUDENT	CHOICE	PRJ_ID	N_ALLOC	MAX
1	2	10471	1	1
2	1	9911	1	1
3	1	10767	1	1
4	1	9166	1	2
5	2	10327	3	4
6	1	10000	1	1
7	1	10587	1	1
8	3	9688	1	1
9	5	9265	4	4
10	1	10088	1	4
11	1	10044	1	1
12	1	9996	1	1
13	5	9991	1	1
14	5	9787	2	2
15	1	10253	1	1
16	1	9246	5	2
17	1	10022	1	2
18	1	10327	3	4
19	2	10012	1	1
20	3	9105	1	1
21	1	10667	1	1
22	1	9528	1	1
23	1	9007	3	3
24	1	9667	2	2
25	1	9426	5	5
26	5	9265	4	4
27	1	10271	1	4
28	1	10016	1	1
29	1	10347	7	7
30	3	9225	1	2
31	3	10427	1	2
32	3	9489	1	2
33	3	10007	1	1
34	2	9982	2	2
35	1	9209	1	1
36	1	9972	1	1
37	1	9912	1	1
38	1	9245	2	2
39	4	10048	1	1
40	1	9246	5	2
41	5	9787	2	2
42	2	10107	2	4
43	1	10807	1	1
44	3	9689	1	1
45	4	10470	1	2
46	4	10527	1	1
47	1	9226	2	2
48	4	10023	2	2
49	4	9728	2	2
50	1	9265	4	4
51	3	10687	2	2
52	2	10023	2	2
53	1	9006	2	3
54	1	9624	3	2
55	1	9426	5	5
56	4	9426	5	5
57	1	10259	1	2
58	1	10268	1	2
59	1	10249	1	1
60	1	9992	1	1
61	2	9249	1	1
62	2	10327	3	4
63	1	10347	7	7
64	1	10347	7	7
65	3	9728	2	2
66	3	9984	1	1
67	4	10472	3	4
68	4	10472	3	4
69	1	9827	1	1
70	1	9624	3	2
71	4	10064	1	2
72	1	10030	1	2
73	1	9999	4	4
74	1	10347	7	7
75	1	10046	2	4
76	1	9465	1	1
77	1	10046	2	4
78	1	9887	3	3
79	3	9265	4	4
80	1	10010	1	1
81	1	9999	4	4
82	3	8985	1	1
83	1	9887	3	3
84	1	9887	3	3
85	2	10039	1	2
86	4	9968	1	1
87	2	10042	1	1
88	1	10347	7	7
89	2	10025	1	1
90	5	9426	5	5
91	1	9982	2	2
92	5	9405	1	1
93	3	10032	1	1
94	1	10367	1	1
95	1	8825	1	1
96	1	9205	1	1
97	5	9565	1	1
98	4	10472	3	4
99	1	10627	1	1
100	1	10062	1	1
101	2	9545	1	1
102	1	9226	2	2
103	4	9616	1	1
104	3	9989	1	1
105	1	10347	7	7
106	1	10013	1	1
107	3	10261	1	1
108	1	10747	1	1
109	2	9007	3	3
110	2	10009	1	1
111	1	10170	1	1
112	1	9306	1	1
113	1	10707	1	1
114	1	9627	1	1
115	2	9426	5	5
116	1	9245	2	2
117	1	9006	2	3
118	1	10128	1	1
119	2	10567	1	1
120	2	9619	1	1
121	5	10002	1	1
122	3	9007	3	3
123	2	9999	4	4
124	1	9927	1	1
125	1	8885	1	1
126	3	9446	1	1
127	1	10026	1	2
128	1	9246	5	2
129	4	10547	1	1
130	1	9206	1	1
131	1	10045	1	2
132	1	9208	1	1
133	2	10648	1	1
134	1	10508	2	2
135	1	10508	2	2
136	1	9624	3	2
137	1	9788	1	1
138	3	10729	1	1
139	1	9976	2	1
140	1	9999	4	4
141	2	10248	1	1
142	1	9246	5	2
143	3	10056	1	1
144	1	9667	2	2
145	2	9975	1	1
146	1	9976	2	1
147	1	10127	1	4
148	3	8646	1	1
149	3	10015	1	1
150	1	10347	7	7
151	2	9389	1	1
152	1	9246	5	2
153	5	10507	1	1
154	1	10787	1	1
155	1	10687	2	2
156	2	10107	2	4
157	5	10034	1	1
Summary details:
#violations= 5
fitness= 6480
89 students got their choice 1 project
23 students got their choice 2 project
21 students got their choice 3 project
13 students got their choice 4 project
11 students got their choice 5 project
10001 Fitness= 11520 Best= 10490
20001 Fitness= 10230 Best= 8200
30001 Fitness= 10970 Best= 7950
40001 Fitness= 7810 Best= 7800
50001 Fitness= 10800 Best= 7780
60001 Fitness= 10790 Best= 7780
70001 Fitness= 9780 Best= 7780
80001 Fitness= 9820 Best= 7780
90001 Fitness= 9790 Best= 7780
100001 Fitness= 9790 Best= 7780
110001 Fitness= 10810 Best= 7780
120001 Fitness= 9780 Best= 7780
130001 Fitness= 8790 Best= 7780
140001 Fitness= 7780 Best= 7780
150001 Fitness= 8800 Best= 7780
160001 Fitness= 7760 Best= 7740
170001 Fitness= 10700 Best= 7730
180001 Fitness= 9760 Best= 7730
190001 Fitness= 9710 Best= 7730
200001 Fitness= 7740 Best= 7730
210001 Fitness= 11730 Best= 7730
220001 Fitness= 9740 Best= 7730
230001 Fitness= 8720 Best= 7730
240001 Fitness= 7740 Best= 7730
250001 Fitness= 7710 Best= 7700
260001 Fitness= 8690 Best= 7700
270001 Fitness= 10710 Best= 7700
280001 Fitness= 9740 Best= 7690
290001 Fitness= 7690 Best= 7690
300001 Fitness= 9700 Best= 7690
310001 Fitness= 9690 Best= 7690
320001 Fitness= 9710 Best= 7690
330001 Fitness= 7700 Best= 7690
340001 Fitness= 12710 Best= 7690
350001 Fitness= 8680 Best= 7690
360001 Fitness= 12670 Best= 7690
370001 Fitness= 8680 Best= 7690
380001 Fitness= 10710 Best= 7690
390001 Fitness= 8650 Best= 7660
400001 Fitness= 9680 Best= 7660
410001 Fitness= 9660 Best= 7660
420001 Fitness= 7660 Best= 7660
430001 Fitness= 11700 Best= 7660
440001 Fitness= 11640 Best= 7630
450001 Fitness= 9630 Best= 7630
460001 Fitness= 11650 Best= 7630
470001 Fitness= 9620 Best= 7630
480001 Fitness= 8650 Best= 7630
490001 Fitness= 9620 Best= 7630
500000 Fitness= 9620 Best= 7630


=== RESULTS (last random solution) ===

Over-allocated projects (violations) :
PRJ_ID	N_ALLOC	MAX
9246	6	2
9827	2	1
9667	3	2
STUDENT	CHOICE	PRJ_ID	N_ALLOC	MAX
1	1	9426	5	5
2	1	9911	1	1
3	1	10767	1	1
4	1	9166	1	2
5	1	9996	1	1
6	1	10000	1	1
7	3	9989	1	1
8	1	9426	5	5
9	5	9265	4	4
10	1	10088	2	4
11	1	10044	1	1
12	2	10147	1	2
13	5	9991	1	1
14	2	9689	1	1
15	1	10253	1	1
16	1	9246	6	2
17	4	9613	1	1
18	4	9365	1	1
19	2	10012	1	1
20	2	9205	1	1
21	1	10667	1	1
22	1	9528	1	1
23	3	10527	1	1
24	4	9405	1	1
25	5	10088	2	4
26	3	9999	4	4
27	1	10271	1	4
28	4	10127	2	4
29	1	10347	7	7
30	3	9225	1	2
31	1	9993	1	1
32	3	9489	1	2
33	3	10007	1	1
34	2	9982	2	2
35	2	10607	1	1
36	1	9972	1	1
37	1	9912	1	1
38	4	9265	4	4
39	1	10022	2	2
40	1	9246	6	2
41	2	10030	2	2
42	1	9426	5	5
43	1	10807	1	1
44	1	9667	3	2
45	4	10470	1	2
46	3	9206	1	1
47	1	9226	2	2
48	2	10022	2	2
49	2	9208	1	1
50	1	9265	4	4
51	3	10687	2	2
52	2	10023	1	2
53	1	9006	3	3
54	3	9982	2	2
55	1	9426	5	5
56	5	8646	1	1
57	1	10259	1	2
58	1	10268	1	2
59	2	9249	1	1
60	5	9209	1	1
61	3	10187	1	1
62	1	10032	1	1
63	1	10347	7	7
64	1	10347	7	7
65	3	9728	1	2
66	1	10687	2	2
67	4	10472	3	4
68	4	10472	3	4
69	1	9827	2	1
70	1	9624	2	2
71	4	10064	2	2
72	1	10030	2	2
73	1	9999	4	4
74	1	10347	7	7
75	1	10046	1	4
76	2	9947	1	1
77	3	9688	1	1
78	4	10472	3	4
79	3	9265	4	4
80	1	10010	1	1
81	1	9999	4	4
82	1	9827	2	1
83	1	9887	3	3
84	1	9887	3	3
85	2	10039	1	2
86	1	9245	2	2
87	1	10013	1	1
88	1	10347	7	7
89	2	10025	1	1
90	1	10127	2	4
91	2	9968	1	1
92	3	9787	2	2
93	1	8985	1	1
94	1	10367	1	1
95	1	8825	1	1
96	3	9007	3	3
97	1	9246	6	2
98	2	9887	3	3
99	1	10627	1	1
100	2	10327	1	4
101	4	9888	1	1
102	1	9226	2	2
103	1	10508	2	2
104	1	9667	3	2
105	1	10347	7	7
106	4	9346	1	1
107	2	10002	1	1
108	1	10747	1	1
109	5	9505	1	1
110	5	9485	1	2
111	1	10170	1	1
112	3	10062	1	1
113	1	10707	1	1
114	1	9627	1	1
115	2	9426	5	5
116	1	9245	2	2
117	1	9006	3	3
118	1	10128	1	1
119	1	9246	6	2
120	2	9619	1	1
121	3	10009	1	1
122	3	9007	3	3
123	1	9246	6	2
124	1	9927	1	1
125	1	8885	1	1
126	3	9446	1	1
127	5	9611	1	1
128	4	10567	1	1
129	2	9545	1	1
130	2	9007	3	3
131	1	10045	1	2
132	4	10331	1	1
133	1	10249	1	1
134	4	10107	1	4
135	1	10508	2	2
136	1	9624	2	2
137	1	9788	1	1
138	3	10729	1	1
139	4	10064	2	2
140	1	9999	4	4
141	2	10248	1	1
142	1	9246	6	2
143	3	10056	1	1
144	1	9667	3	2
145	1	10048	1	1
146	1	9976	1	1
147	3	10471	1	1
148	2	9984	1	1
149	3	10015	1	1
150	1	10347	7	7
151	1	9465	1	1
152	3	9565	1	1
153	2	9006	3	3
154	1	10787	1	1
155	3	9616	1	1
156	5	9787	2	2
157	5	10034	1	1
Summary details:
#violations= 6
fitness= 7630
81 students got their choice 1 project
25 students got their choice 2 project
25 students got their choice 3 project
16 students got their choice 4 project
10 students got their choice 5 project
