10001 47170 4.16764e+06 912.978
20001 13188 1.36518e+06 522.528
30001 13184 1.3709e+06 523.623
40001 13178 1.39294e+06 527.814
50001 13178 1.39294e+06 527.814
60001 12968 1.5189e+06 551.162
70001 12968 1.5189e+06 551.162
80001 12968 1.5189e+06 551.162
90001 12968 1.5189e+06 551.162
100001 12768 1.0421e+06 456.53
110001 12768 1.0421e+06 456.53
120001 12768 1.0421e+06 456.53
130001 12556 1.39062e+06 527.375
140001 12556 1.39062e+06 527.375
150001 12556 1.39062e+06 527.375
160001 12552 1.40034e+06 529.214
170001 12550 1.40524e+06 530.14
180001 12542 1.37862e+06 525.094
190001 12542 1.37862e+06 525.094
200001 12342 886136 420.984
210001 12342 886136 420.984
220001 12338 879256 419.346
230001 12142 1.45158e+06 538.809
240001 12142 1.45158e+06 538.809
250001 12142 1.45158e+06 538.809
260001 12142 1.45158e+06 538.809
270001 12142 1.45158e+06 538.809
280001 12142 1.45158e+06 538.809
290001 12142 1.45158e+06 538.809
300001 12142 1.45158e+06 538.809
310001 12116 1.38054e+06 525.461
320001 12116 1.38054e+06 525.461
330001 12116 1.38054e+06 525.461
340001 12116 1.38054e+06 525.461
350001 12116 1.38054e+06 525.461
360001 12116 1.38054e+06 525.461
370001 12116 1.38054e+06 525.461
380001 12116 1.38054e+06 525.461
390001 12116 1.38054e+06 525.461
400001 12116 1.38054e+06 525.461
410001 12116 1.38054e+06 525.461
420001 12116 1.38054e+06 525.461
430001 12116 1.38054e+06 525.461
440001 12116 1.38054e+06 525.461
450001 12116 1.38054e+06 525.461
460001 12114 1.37626e+06 524.645
470001 12114 1.37626e+06 524.645
480001 12114 1.37626e+06 524.645
490001 12114 1.37626e+06 524.645
500001 12114 1.37626e+06 524.645
510000 12110 1.38268e+06 525.867
