1 45960
10001 11360
20001 11360
30001 11330
40001 11330
50001 11310
60001 11310
70001 11310
80001 11310
90001 11310
100001 11310
110001 11310
120001 11270
130001 11270
140001 11270
150001 11270
160001 11270
170001 11270
180001 11270
190001 11270
200001 11270
210001 11270
220001 10290
230001 10290
240001 10290
250001 10290
260001 10290
270001 10290
280001 10290
290001 10290
300001 10290
310001 10290
320001 10290
330001 10290
340001 10290
350001 10290
360001 10290
370001 10290
380001 10290
390001 10290
400001 10290
410001 10290
420001 10290
430001 10290
440001 10290
450001 10290
460001 10290
470001 10290
480001 10290
490001 10290
500000 10290
1 49980
10001 13310
20001 13310
30001 13310
40001 13310
50001 12330
60001 12330
70001 12330
80001 12330
90001 12330
100001 12330
110001 12330
120001 11350
130001 11350
140001 11350
150001 11330
160001 11320
170001 11320
180001 11320
190001 11320
200001 11320
210001 11320
220001 11320
230001 11320
240001 11320
250001 11320
260001 11320
270001 11320
280001 11320
290001 11320
300001 11320
310001 11320
320001 11320
330001 11320
340001 11320
350001 11320
360001 11320
370001 11320
380001 11320
390001 11320
400001 11320
410001 11320
420001 11320
430001 11320
440001 11320
450001 11320
460001 11320
470001 11320
480001 11320
490001 11320
500000 11300
1 46880
10001 14230
20001 14230
30001 14230
40001 14230
50001 14230
60001 14230
70001 14230
80001 14230
90001 14230
100001 14230
110001 14230
120001 14230
130001 14230
140001 14230
150001 14230
160001 14230
170001 14190
180001 14190
190001 13210
200001 13210
210001 13190
220001 13190
230001 13190
240001 13190
250001 13190
260001 13190
270001 13190
280001 13190
290001 13190
300001 13190
310001 13190
320001 13190
330001 13190
340001 13190
350001 13190
360001 13190
370001 13190
380001 13190
390001 13190
400001 13190
410001 13190
420001 13190
430001 13190
440001 13190
450001 13180
460001 13180
470001 13180
480001 13180
490001 13180
500000 13180
1 47070
10001 12480
20001 12460
30001 12460
40001 12460
50001 12410
60001 12410
70001 12410
80001 12410
90001 12410
100001 12410
110001 12410
120001 12370
130001 12370
140001 12370
150001 12370
160001 12370
170001 12370
180001 12370
190001 12350
200001 12350
210001 12350
220001 12350
230001 12350
240001 12350
250001 12350
260001 12350
270001 12350
280001 12350
290001 12350
300001 12350
310001 12350
320001 12350
330001 12350
340001 12350
350001 12350
360001 12350
370001 12350
380001 12350
390001 12350
400001 12350
410001 12350
420001 12350
430001 12350
440001 12350
450001 12350
460001 12350
470001 12350
480001 12350
490001 12350
500000 12350
1 44970
10001 14560
20001 14560
30001 14560
40001 14560
50001 14560
60001 14560
70001 14560
80001 14560
90001 13560
100001 13560
110001 13560
120001 13560
130001 13560
140001 13560
150001 13560
160001 13560
170001 13560
180001 13560
190001 13560
200001 13560
210001 13560
220001 13560
230001 13560
240001 13560
250001 13560
260001 13560
270001 13560
280001 13560
290001 13560
300001 13430
310001 13430
320001 13430
330001 13430
340001 13430
350001 13430
360001 13430
370001 13430
380001 13430
390001 13430
400001 13430
410001 13430
420001 13430
430001 13430
440001 13430
450001 13430
460001 13430
470001 13430
480001 13430
490001 13430
500000 13430
