gc=1
1 Fitness= 45960 Best= 45960
10001 Fitness= 11360 Best= 11360
20001 Fitness= 11360 Best= 11360
30001 Fitness= 11330 Best= 11330
40001 Fitness= 11330 Best= 11330
50001 Fitness= 11310 Best= 11310
60001 Fitness= 11310 Best= 11310
70001 Fitness= 11310 Best= 11310
80001 Fitness= 11310 Best= 11310
90001 Fitness= 11310 Best= 11310
100001 Fitness= 11310 Best= 11310
110001 Fitness= 11310 Best= 11310
120001 Fitness= 11270 Best= 11270
130001 Fitness= 11270 Best= 11270
140001 Fitness= 11270 Best= 11270
150001 Fitness= 11270 Best= 11270
160001 Fitness= 11270 Best= 11270
170001 Fitness= 11270 Best= 11270
180001 Fitness= 11270 Best= 11270
190001 Fitness= 11270 Best= 11270
200001 Fitness= 11270 Best= 11270
210001 Fitness= 11270 Best= 11270
220001 Fitness= 10290 Best= 10290
230001 Fitness= 10290 Best= 10290
240001 Fitness= 10290 Best= 10290
250001 Fitness= 10290 Best= 10290
260001 Fitness= 10290 Best= 10290
270001 Fitness= 10290 Best= 10290
280001 Fitness= 10290 Best= 10290
290001 Fitness= 10290 Best= 10290
300001 Fitness= 10290 Best= 10290
310001 Fitness= 10290 Best= 10290
320001 Fitness= 10290 Best= 10290
330001 Fitness= 10290 Best= 10290
340001 Fitness= 10290 Best= 10290
350001 Fitness= 10290 Best= 10290
360001 Fitness= 10290 Best= 10290
370001 Fitness= 10290 Best= 10290
380001 Fitness= 10290 Best= 10290
390001 Fitness= 10290 Best= 10290
400001 Fitness= 10290 Best= 10290
410001 Fitness= 10290 Best= 10290
420001 Fitness= 10290 Best= 10290
430001 Fitness= 10290 Best= 10290
440001 Fitness= 10290 Best= 10290
450001 Fitness= 10290 Best= 10290
460001 Fitness= 10290 Best= 10290
470001 Fitness= 10290 Best= 10290
480001 Fitness= 10290 Best= 10290
490001 Fitness= 10290 Best= 10290
500000 Fitness= 10290 Best= 10290


=== RESULTS (last random solution) ===

Over-allocated projects (violations) :
PRJ_ID	N_ALLOC	MAX
9245	4	2
9246	6	2
9976	2	1
9624	3	2
9912	2	1
Complete List of Project Allocations Made:
STUDENT	CHOICE	PRJ_ID	N_ALLOC	MAX
1	1	9426	5	5
2	1	9911	1	1
3	1	10767	1	1
4	1	9166	1	2
5	2	10327	2	4
6	3	8826	1	1
7	1	10587	1	1
8	5	9105	1	1
9	1	10607	1	1
10	1	10088	2	4
11	1	10044	1	1
12	1	9996	1	1
13	2	9968	1	1
14	4	9265	4	4
15	1	10253	1	1
16	1	9246	6	2
17	1	10022	2	2
18	1	10327	2	4
19	2	10012	1	1
20	1	9426	5	5
21	1	10667	1	1
22	1	9528	1	1
23	1	9007	3	3
24	2	9999	4	4
25	5	10088	2	4
26	5	9265	4	4
27	3	9365	1	1
28	1	10016	1	1
29	1	10347	7	7
30	1	9667	2	2
31	3	10427	1	2
32	3	9489	1	2
33	1	10001	2	3
34	2	9982	2	2
35	1	9209	1	1
36	2	9225	1	2
37	1	9912	2	1
38	1	9245	4	2
39	1	10022	2	2
40	1	9246	6	2
41	2	10030	2	2
42	1	9426	5	5
43	1	10807	1	1
44	1	9667	2	2
45	1	9787	2	2
46	2	9565	1	1
47	1	9226	2	2
48	1	10064	2	2
49	1	9545	1	1
50	2	9887	3	3
51	3	10687	2	2
52	2	10023	1	2
53	3	10547	1	1
54	1	9624	3	2
55	2	10472	2	4
56	4	9426	5	5
57	4	9007	3	3
58	4	9989	1	1
59	1	10249	1	1
60	1	9992	1	1
61	2	9249	1	1
62	4	9007	3	3
63	1	10347	7	7
64	1	10347	7	7
65	3	9728	1	2
66	1	10687	2	2
67	3	9265	4	4
68	3	9265	4	4
69	1	9827	1	1
70	1	9624	3	2
71	1	9976	2	1
72	1	10030	2	2
73	1	9999	4	4
74	1	10347	7	7
75	1	10046	1	4
76	1	9465	1	1
77	3	9688	1	1
78	4	10472	2	4
79	1	9245	4	2
80	1	10010	1	1
81	1	9999	4	4
82	3	8985	1	1
83	1	9887	3	3
84	1	9887	3	3
85	2	10039	2	2
86	1	9245	4	2
87	1	10013	1	1
88	1	10347	7	7
89	4	10127	3	4
90	1	10127	3	4
91	1	9982	2	2
92	3	9787	2	2
93	2	9627	1	1
94	1	10367	1	1
95	4	9620	1	1
96	1	9205	1	1
97	1	9246	6	2
98	1	8825	1	1
99	1	10627	1	1
100	1	10062	1	1
101	1	9984	1	1
102	1	9226	2	2
103	4	9616	1	1
104	2	9689	1	1
105	1	10347	7	7
106	4	9346	1	1
107	3	10261	1	1
108	1	10747	1	1
109	1	10527	1	1
110	4	10000	1	1
111	1	10170	1	1
112	1	9306	1	1
113	1	10707	1	1
114	3	10002	1	1
115	5	9967	1	1
116	1	9245	4	2
117	1	9006	1	3
118	1	10128	1	1
119	2	10567	1	1
120	2	9619	1	1
121	1	10001	2	3
122	2	9206	1	1
123	2	9999	4	4
124	1	9927	1	1
125	3	9446	1	1
126	2	8885	1	1
127	1	10026	1	2
128	1	9246	6	2
129	1	9912	2	1
130	3	9207	1	1
131	1	10045	1	2
132	1	9208	1	1
133	2	10648	1	1
134	2	10187	1	1
135	1	10508	2	2
136	1	9624	3	2
137	1	9788	1	1
138	3	10729	1	1
139	4	10064	2	2
140	5	10039	2	2
141	3	9972	1	1
142	1	9246	6	2
143	3	10056	1	1
144	4	9485	1	2
145	1	10048	1	1
146	1	9976	2	1
147	1	10127	3	4
148	3	8646	1	1
149	1	9405	1	1
150	1	10347	7	7
151	2	9389	1	1
152	1	9246	6	2
153	4	10508	2	2
154	1	10787	1	1
155	5	9505	1	1
156	1	9426	5	5
157	1	10248	1	1
Summary details:
#violations= 9
fitness= 10290
94 students got their choice 1 project
23 students got their choice 2 project
20 students got their choice 3 project
14 students got their choice 4 project
6 students got their choice 5 project
gc=1
1 Fitness= 49980 Best= 50970
10001 Fitness= 13310 Best= 13310
20001 Fitness= 13310 Best= 13310
30001 Fitness= 13310 Best= 13310
40001 Fitness= 13310 Best= 13310
50001 Fitness= 12330 Best= 12330
60001 Fitness= 12330 Best= 12330
70001 Fitness= 12330 Best= 12330
80001 Fitness= 12330 Best= 12330
90001 Fitness= 12330 Best= 12330
100001 Fitness= 12330 Best= 12330
110001 Fitness= 12330 Best= 12330
120001 Fitness= 11350 Best= 11350
130001 Fitness= 11350 Best= 11350
140001 Fitness= 11350 Best= 11350
150001 Fitness= 11330 Best= 11330
160001 Fitness= 11320 Best= 11320
170001 Fitness= 11320 Best= 11320
180001 Fitness= 11320 Best= 11320
190001 Fitness= 11320 Best= 11320
200001 Fitness= 11320 Best= 11320
210001 Fitness= 11320 Best= 11320
220001 Fitness= 11320 Best= 11320
230001 Fitness= 11320 Best= 11320
240001 Fitness= 11320 Best= 11320
250001 Fitness= 11320 Best= 11320
260001 Fitness= 11320 Best= 11320
270001 Fitness= 11320 Best= 11320
280001 Fitness= 11320 Best= 11320
290001 Fitness= 11320 Best= 11320
300001 Fitness= 11320 Best= 11320
310001 Fitness= 11320 Best= 11320
320001 Fitness= 11320 Best= 11320
330001 Fitness= 11320 Best= 11320
340001 Fitness= 11320 Best= 11320
350001 Fitness= 11320 Best= 11320
360001 Fitness= 11320 Best= 11320
370001 Fitness= 11320 Best= 11320
380001 Fitness= 11320 Best= 11320
390001 Fitness= 11320 Best= 11320
400001 Fitness= 11320 Best= 11320
410001 Fitness= 11320 Best= 11320
420001 Fitness= 11320 Best= 11320
430001 Fitness= 11320 Best= 11320
440001 Fitness= 11320 Best= 11320
450001 Fitness= 11320 Best= 11320
460001 Fitness= 11320 Best= 11320
470001 Fitness= 11320 Best= 11320
480001 Fitness= 11320 Best= 11320
490001 Fitness= 11320 Best= 11320
500000 Fitness= 11300 Best= 11300


=== RESULTS (last random solution) ===

Over-allocated projects (violations) :
PRJ_ID	N_ALLOC	MAX
9208	2	1
9246	6	2
10607	2	1
9545	2	1
9827	3	1
9667	3	2
Complete List of Project Allocations Made:
STUDENT	CHOICE	PRJ_ID	N_ALLOC	MAX
1	2	10471	1	1
2	1	9911	1	1
3	1	10767	1	1
4	1	9166	1	2
5	2	10327	2	4
6	3	8826	1	1
7	1	10587	1	1
8	5	9105	1	1
9	1	10607	2	1
10	1	10088	1	4
11	1	10044	1	1
12	1	9996	1	1
13	1	10607	2	1
14	2	9689	1	1
15	1	10253	1	1
16	1	9246	6	2
17	1	10022	2	2
18	1	10327	2	4
19	4	9007	3	3
20	1	9426	5	5
21	1	10667	1	1
22	1	9528	1	1
23	1	9007	3	3
24	2	9999	4	4
25	1	9426	5	5
26	1	9246	6	2
27	3	9365	1	1
28	1	10016	1	1
29	1	10347	7	7
30	3	9225	1	2
31	1	9993	1	1
32	3	9489	1	2
33	4	10271	1	4
34	2	9982	2	2
35	3	9688	1	1
36	1	9972	1	1
37	4	10567	1	1
38	5	10001	2	3
39	1	10022	2	2
40	4	9265	4	4
41	1	9667	3	2
42	2	10107	1	4
43	1	10807	1	1
44	1	9667	3	2
45	4	10470	1	2
46	2	9565	1	1
47	1	9226	2	2
48	3	9991	1	1
49	1	9545	2	1
50	1	9265	4	4
51	1	9208	2	1
52	2	10023	1	2
53	1	9006	3	3
54	3	9982	2	2
55	2	10472	2	4
56	5	8646	1	1
57	1	10259	1	2
58	1	10268	1	2
59	2	9249	1	1
60	5	9209	1	1
61	3	10187	1	1
62	1	10032	1	1
63	1	10347	7	7
64	1	10347	7	7
65	3	9728	1	2
66	1	10687	1	2
67	1	9426	5	5
68	1	9827	3	1
69	1	9827	3	1
70	1	9624	2	2
71	4	10064	2	2
72	1	10030	2	2
73	1	9999	4	4
74	1	10347	7	7
75	5	10012	1	1
76	1	9465	1	1
77	1	10046	1	4
78	4	10472	2	4
79	3	9265	4	4
80	1	10010	1	1
81	1	9999	4	4
82	1	9827	3	1
83	1	9887	2	3
84	1	9887	2	3
85	2	10039	2	2
86	1	9245	2	2
87	1	10013	1	1
88	1	10347	7	7
89	2	10025	1	1
90	1	10127	2	4
91	2	9968	1	1
92	3	9787	2	2
93	1	8985	1	1
94	1	10367	1	1
95	2	10039	2	2
96	1	9205	1	1
97	1	9246	6	2
98	1	8825	1	1
99	1	10627	1	1
100	1	10062	1	1
101	1	9984	1	1
102	1	9226	2	2
103	2	10507	1	1
104	3	9989	1	1
105	1	10347	7	7
106	2	10000	1	1
107	5	9325	1	1
108	1	10747	1	1
109	5	9505	1	1
110	1	10007	1	1
111	1	10170	1	1
112	1	9306	1	1
113	1	10707	1	1
114	1	9627	1	1
115	2	9426	5	5
116	1	9245	2	2
117	1	9006	3	3
118	1	10128	1	1
119	1	9246	6	2
120	1	9545	2	1
121	1	10001	2	3
122	3	9007	3	3
123	2	9999	4	4
124	1	9927	1	1
125	1	8885	1	1
126	5	10030	2	2
127	5	9611	1	1
128	1	9246	6	2
129	1	9912	1	1
130	1	9206	1	1
131	1	10045	1	2
132	1	9208	2	1
133	1	10249	1	1
134	1	10508	2	2
135	1	10508	2	2
136	1	9624	2	2
137	1	9788	1	1
138	3	10729	1	1
139	4	10064	2	2
140	2	9787	2	2
141	1	9426	5	5
142	5	9405	1	1
143	3	10056	1	1
144	1	9667	3	2
145	1	10048	1	1
146	1	9976	1	1
147	1	10127	2	4
148	5	9265	4	4
149	5	9647	1	1
150	1	10347	7	7
151	4	9619	1	1
152	1	9246	6	2
153	2	9006	3	3
154	1	10787	1	1
155	3	9616	1	1
156	4	9613	1	1
157	1	10248	1	1
Summary details:
#violations= 10
fitness= 11300
99 students got their choice 1 project
20 students got their choice 2 project
16 students got their choice 3 project
10 students got their choice 4 project
12 students got their choice 5 project
gc=1
1 Fitness= 46880 Best= 46880
10001 Fitness= 14230 Best= 14230
20001 Fitness= 14230 Best= 14230
30001 Fitness= 14230 Best= 14230
40001 Fitness= 14230 Best= 14230
50001 Fitness= 14230 Best= 14230
60001 Fitness= 14230 Best= 14230
70001 Fitness= 14230 Best= 14230
80001 Fitness= 14230 Best= 14230
90001 Fitness= 14230 Best= 14230
100001 Fitness= 14230 Best= 14230
110001 Fitness= 14230 Best= 14230
120001 Fitness= 14230 Best= 14230
130001 Fitness= 14230 Best= 14230
140001 Fitness= 14230 Best= 14230
150001 Fitness= 14230 Best= 14230
160001 Fitness= 14230 Best= 14230
170001 Fitness= 14190 Best= 14190
180001 Fitness= 14190 Best= 14190
190001 Fitness= 13210 Best= 13210
200001 Fitness= 13210 Best= 13210
210001 Fitness= 13190 Best= 13190
220001 Fitness= 13190 Best= 13190
230001 Fitness= 13190 Best= 13190
240001 Fitness= 13190 Best= 13190
250001 Fitness= 13190 Best= 13190
260001 Fitness= 13190 Best= 13190
270001 Fitness= 13190 Best= 13190
280001 Fitness= 13190 Best= 13190
290001 Fitness= 13190 Best= 13190
300001 Fitness= 13190 Best= 13190
310001 Fitness= 13190 Best= 13190
320001 Fitness= 13190 Best= 13190
330001 Fitness= 13190 Best= 13190
340001 Fitness= 13190 Best= 13190
350001 Fitness= 13190 Best= 13190
360001 Fitness= 13190 Best= 13190
370001 Fitness= 13190 Best= 13190
380001 Fitness= 13190 Best= 13190
390001 Fitness= 13190 Best= 13190
400001 Fitness= 13190 Best= 13190
410001 Fitness= 13190 Best= 13190
420001 Fitness= 13190 Best= 13190
430001 Fitness= 13190 Best= 13190
440001 Fitness= 13190 Best= 13190
450001 Fitness= 13180 Best= 13180
460001 Fitness= 13180 Best= 13180
470001 Fitness= 13180 Best= 13180
480001 Fitness= 13180 Best= 13180
490001 Fitness= 13180 Best= 13180
500000 Fitness= 13180 Best= 13180


=== RESULTS (last random solution) ===

Over-allocated projects (violations) :
PRJ_ID	N_ALLOC	MAX
9245	4	2
9246	6	2
9976	3	1
9624	3	2
9827	2	1
9912	2	1
9667	3	2
Complete List of Project Allocations Made:
STUDENT	CHOICE	PRJ_ID	N_ALLOC	MAX
1	1	9426	5	5
2	1	9911	1	1
3	1	10767	1	1
4	1	9166	1	2
5	2	10327	2	4
6	3	8826	1	1
7	4	9265	4	4
8	3	9688	1	1
9	2	9205	1	1
10	1	10088	1	4
11	1	10044	1	1
12	1	9996	1	1
13	1	10607	1	1
14	1	9667	3	2
15	1	10253	1	1
16	1	9246	6	2
17	1	10022	2	2
18	1	10327	2	4
19	1	9999	4	4
20	1	9426	5	5
21	1	10667	1	1
22	1	9528	1	1
23	3	10527	1	1
24	2	9999	4	4
25	1	9426	5	5
26	4	9982	2	2
27	1	10271	1	4
28	1	10016	1	1
29	1	10347	7	7
30	3	9225	2	2
31	1	9993	1	1
32	3	9489	1	2
33	1	10001	2	3
34	2	9982	2	2
35	1	9209	1	1
36	2	9225	2	2
37	1	9912	2	1
38	1	9245	4	2
39	1	10022	2	2
40	4	9265	4	4
41	2	10030	1	2
42	1	9426	5	5
43	1	10807	1	1
44	1	9667	3	2
45	4	10470	1	2
46	5	9787	2	2
47	1	9226	2	2
48	1	10064	1	2
49	1	9545	1	1
50	1	9265	4	4
51	1	9208	1	1
52	2	10023	1	2
53	1	9006	3	3
54	1	9624	3	2
55	2	10472	3	4
56	1	10127	3	4
57	1	10259	1	2
58	4	9989	1	1
59	1	10249	1	1
60	1	9992	1	1
61	5	10248	1	1
62	1	10032	1	1
63	1	10347	7	7
64	1	10347	7	7
65	1	9565	1	1
66	4	9389	1	1
67	3	9265	4	4
68	1	9827	2	1
69	1	9827	2	1
70	1	9624	3	2
71	1	9976	3	1
72	5	10472	3	4
73	5	10567	1	1
74	1	10347	7	7
75	1	10046	2	4
76	2	9947	1	1
77	1	10046	2	4
78	1	9887	3	3
79	1	9245	4	2
80	1	10010	1	1
81	1	9999	4	4
82	3	8985	1	1
83	2	10332	1	1
84	1	9887	3	3
85	2	10039	1	2
86	1	9245	4	2
87	1	10013	1	1
88	1	10347	7	7
89	2	10025	1	1
90	1	10127	3	4
91	2	9968	1	1
92	1	9667	3	2
93	2	9627	1	1
94	1	10367	1	1
95	1	8825	1	1
96	3	9007	3	3
97	1	9246	6	2
98	4	10472	3	4
99	1	10627	1	1
100	1	10062	1	1
101	1	9984	1	1
102	1	9226	2	2
103	1	10508	2	2
104	2	9689	1	1
105	1	10347	7	7
106	2	10000	1	1
107	2	10002	1	1
108	1	10747	1	1
109	2	9007	3	3
110	5	9485	2	2
111	1	10170	1	1
112	1	9306	1	1
113	1	10707	1	1
114	5	9325	1	1
115	5	9967	1	1
116	1	9245	4	2
117	1	9006	3	3
118	1	10128	1	1
119	1	9246	6	2
120	2	9619	1	1
121	1	10001	2	3
122	2	9206	1	1
123	2	9999	4	4
124	1	9927	1	1
125	1	8885	1	1
126	1	9912	2	1
127	5	9611	1	1
128	1	9246	6	2
129	4	10547	1	1
130	2	9007	3	3
131	1	10045	1	2
132	4	10331	1	1
133	5	10187	1	1
134	4	10107	2	4
135	1	10508	2	2
136	1	9624	3	2
137	3	9789	1	1
138	2	9426	5	5
139	1	9976	3	1
140	2	9787	2	2
141	3	9972	1	1
142	1	9246	6	2
143	3	10056	1	1
144	4	9485	2	2
145	1	10048	1	1
146	1	9976	3	1
147	1	10127	3	4
148	1	9613	1	1
149	1	9405	1	1
150	1	10347	7	7
151	1	9465	1	1
152	1	9246	6	2
153	2	9006	3	3
154	1	10787	1	1
155	1	10687	1	2
156	2	10107	2	4
157	2	9887	3	3
Summary details:
#violations= 12
fitness= 13180
99 students got their choice 1 project
27 students got their choice 2 project
11 students got their choice 3 project
11 students got their choice 4 project
9 students got their choice 5 project
gc=1
1 Fitness= 47070 Best= 47070
10001 Fitness= 12480 Best= 12480
20001 Fitness= 12460 Best= 12460
30001 Fitness= 12460 Best= 12460
40001 Fitness= 12460 Best= 12460
50001 Fitness= 12410 Best= 12410
60001 Fitness= 12410 Best= 12410
70001 Fitness= 12410 Best= 12410
80001 Fitness= 12410 Best= 12410
90001 Fitness= 12410 Best= 12410
100001 Fitness= 12410 Best= 12410
110001 Fitness= 12410 Best= 12410
120001 Fitness= 12370 Best= 12370
130001 Fitness= 12370 Best= 12370
140001 Fitness= 12370 Best= 12370
150001 Fitness= 12370 Best= 12370
160001 Fitness= 12370 Best= 12370
170001 Fitness= 12370 Best= 12370
180001 Fitness= 12370 Best= 12370
190001 Fitness= 12350 Best= 12350
200001 Fitness= 12350 Best= 12350
210001 Fitness= 12350 Best= 12350
220001 Fitness= 12350 Best= 12350
230001 Fitness= 12350 Best= 12350
240001 Fitness= 12350 Best= 12350
250001 Fitness= 12350 Best= 12350
260001 Fitness= 12350 Best= 12350
270001 Fitness= 12350 Best= 12350
280001 Fitness= 12350 Best= 12350
290001 Fitness= 12350 Best= 12350
300001 Fitness= 12350 Best= 12350
310001 Fitness= 12350 Best= 12350
320001 Fitness= 12350 Best= 12350
330001 Fitness= 12350 Best= 12350
340001 Fitness= 12350 Best= 12350
350001 Fitness= 12350 Best= 12350
360001 Fitness= 12350 Best= 12350
370001 Fitness= 12350 Best= 12350
380001 Fitness= 12350 Best= 12350
390001 Fitness= 12350 Best= 12350
400001 Fitness= 12350 Best= 12350
410001 Fitness= 12350 Best= 12350
420001 Fitness= 12350 Best= 12350
430001 Fitness= 12350 Best= 12350
440001 Fitness= 12350 Best= 12350
450001 Fitness= 12350 Best= 12350
460001 Fitness= 12350 Best= 12350
470001 Fitness= 12350 Best= 12350
480001 Fitness= 12350 Best= 12350
490001 Fitness= 12350 Best= 12350
500000 Fitness= 12350 Best= 12350


=== RESULTS (last random solution) ===

Over-allocated projects (violations) :
PRJ_ID	N_ALLOC	MAX
9245	3	2
9246	7	2
9976	3	1
9624	3	2
9912	2	1
9667	3	2
Complete List of Project Allocations Made:
STUDENT	CHOICE	PRJ_ID	N_ALLOC	MAX
1	1	9426	5	5
2	1	9911	1	1
3	1	10767	1	1
4	1	9166	1	2
5	2	10327	3	4
6	3	8826	1	1
7	4	9265	4	4
8	1	9426	5	5
9	1	10607	1	1
10	1	10088	1	4
11	1	10044	1	1
12	1	9996	1	1
13	3	9426	5	5
14	1	9667	3	2
15	1	10253	1	1
16	1	9246	7	2
17	1	10022	2	2
18	1	10327	3	4
19	2	10012	1	1
20	3	9105	1	1
21	1	10667	1	1
22	1	9528	1	1
23	1	9007	3	3
24	2	9999	4	4
25	1	9426	5	5
26	1	9246	7	2
27	1	10271	2	4
28	1	10016	1	1
29	1	10347	7	7
30	3	9225	2	2
31	1	9993	1	1
32	1	9992	1	1
33	4	10271	2	4
34	2	9982	2	2
35	1	9209	1	1
36	2	9225	2	2
37	1	9912	2	1
38	1	9245	3	2
39	2	9688	1	1
40	1	9246	7	2
41	2	10030	2	2
42	2	10107	2	4
43	1	10807	1	1
44	1	9667	3	2
45	4	10470	1	2
46	1	9667	3	2
47	1	9226	2	2
48	3	9991	1	1
49	1	9545	1	1
50	2	9887	3	3
51	1	9208	1	1
52	2	10023	1	2
53	1	9006	3	3
54	1	9624	3	2
55	2	10472	2	4
56	1	10127	3	4
57	1	10259	1	2
58	1	10268	1	2
59	2	9249	1	1
60	4	9205	1	1
61	5	10248	1	1
62	4	9007	3	3
63	1	10347	7	7
64	1	10347	7	7
65	3	9728	1	2
66	1	10687	2	2
67	3	9265	4	4
68	3	9265	4	4
69	1	9827	1	1
70	1	9624	3	2
71	1	9976	3	1
72	2	10022	2	2
73	1	9999	4	4
74	1	10347	7	7
75	1	10046	2	4
76	1	9465	1	1
77	1	10046	2	4
78	1	9887	3	3
79	3	9265	4	4
80	1	10010	1	1
81	1	9999	4	4
82	3	8985	1	1
83	1	9887	3	3
84	4	8885	1	1
85	5	9968	1	1
86	1	9245	3	2
87	2	10042	1	1
88	1	10347	7	7
89	2	10025	1	1
90	1	10127	3	4
91	1	9982	2	2
92	3	9787	2	2
93	5	9999	4	4
94	1	10367	1	1
95	4	9620	1	1
96	2	9206	1	1
97	1	9246	7	2
98	4	10472	2	4
99	1	10627	1	1
100	2	10327	3	4
101	4	9888	1	1
102	1	9226	2	2
103	1	10508	2	2
104	3	9989	1	1
105	1	10347	7	7
106	5	9325	1	1
107	1	9627	1	1
108	1	10747	1	1
109	1	10527	1	1
110	1	10007	1	1
111	3	9346	1	1
112	3	10062	1	1
113	1	10707	1	1
114	2	10013	1	1
115	2	9426	5	5
116	1	9245	3	2
117	1	9006	3	3
118	4	10427	1	2
119	2	10567	1	1
120	3	9984	1	1
121	1	10001	1	3
122	3	9007	3	3
123	1	9246	7	2
124	1	9927	1	1
125	3	9446	1	1
126	5	10030	2	2
127	5	9611	1	1
128	1	9246	7	2
129	1	9912	2	1
130	3	9207	1	1
131	1	10045	1	2
132	4	10331	1	1
133	1	10249	1	1
134	2	10187	1	1
135	1	10508	2	2
136	1	9624	3	2
137	1	9788	1	1
138	3	10729	1	1
139	1	9976	3	1
140	2	9787	2	2
141	3	9972	1	1
142	1	9246	7	2
143	1	9689	1	1
144	4	9485	1	2
145	1	10048	1	1
146	1	9976	3	1
147	1	10127	3	4
148	3	8646	1	1
149	1	9405	1	1
150	1	10347	7	7
151	4	9619	1	1
152	3	9565	1	1
153	2	9006	3	3
154	1	10787	1	1
155	1	10687	2	2
156	2	10107	2	4
157	5	10034	1	1
Summary details:
#violations= 11
fitness= 12350
91 students got their choice 1 project
24 students got their choice 2 project
22 students got their choice 3 project
13 students got their choice 4 project
7 students got their choice 5 project
gc=1
1 Fitness= 44970 Best= 44970
10001 Fitness= 14560 Best= 14560
20001 Fitness= 14560 Best= 14560
30001 Fitness= 14560 Best= 14560
40001 Fitness= 14560 Best= 14560
50001 Fitness= 14560 Best= 14560
60001 Fitness= 14560 Best= 14560
70001 Fitness= 14560 Best= 14560
80001 Fitness= 14560 Best= 14560
90001 Fitness= 13560 Best= 13560
100001 Fitness= 13560 Best= 13560
110001 Fitness= 13560 Best= 13560
120001 Fitness= 13560 Best= 13560
130001 Fitness= 13560 Best= 13560
140001 Fitness= 13560 Best= 13560
150001 Fitness= 13560 Best= 13560
160001 Fitness= 13560 Best= 13560
170001 Fitness= 13560 Best= 13560
180001 Fitness= 13560 Best= 13560
190001 Fitness= 13560 Best= 13560
200001 Fitness= 13560 Best= 13560
210001 Fitness= 13560 Best= 13560
220001 Fitness= 13560 Best= 13560
230001 Fitness= 13560 Best= 13560
240001 Fitness= 13560 Best= 13560
250001 Fitness= 13560 Best= 13560
260001 Fitness= 13560 Best= 13560
270001 Fitness= 13560 Best= 13560
280001 Fitness= 13560 Best= 13560
290001 Fitness= 13560 Best= 13560
300001 Fitness= 13430 Best= 13430
310001 Fitness= 13430 Best= 13430
320001 Fitness= 13430 Best= 13430
330001 Fitness= 13430 Best= 13430
340001 Fitness= 13430 Best= 13430
350001 Fitness= 13430 Best= 13430
360001 Fitness= 13430 Best= 13430
370001 Fitness= 13430 Best= 13430
380001 Fitness= 13430 Best= 13430
390001 Fitness= 13430 Best= 13430
400001 Fitness= 13430 Best= 13430
410001 Fitness= 13430 Best= 13430
420001 Fitness= 13430 Best= 13430
430001 Fitness= 13430 Best= 13430
440001 Fitness= 13430 Best= 13430
450001 Fitness= 13430 Best= 13430
460001 Fitness= 13430 Best= 13430
470001 Fitness= 13430 Best= 13430
480001 Fitness= 13430 Best= 13430
490001 Fitness= 13430 Best= 13430
500000 Fitness= 13430 Best= 13430


=== RESULTS (last random solution) ===

Over-allocated projects (violations) :
PRJ_ID	N_ALLOC	MAX
9245	3	2
9246	6	2
9976	3	1
9624	3	2
9827	3	1
9912	2	1
9667	3	2
Complete List of Project Allocations Made:
STUDENT	CHOICE	PRJ_ID	N_ALLOC	MAX
1	5	9306	1	1
2	1	9911	1	1
3	1	10767	1	1
4	1	9166	1	2
5	4	9406	1	1
6	1	10000	1	1
7	1	10587	1	1
8	1	9426	5	5
9	5	9265	4	4
10	1	10088	1	4
11	1	10044	1	1
12	1	9996	1	1
13	5	9991	1	1
14	2	9689	1	1
15	1	10253	1	1
16	1	9246	6	2
17	1	10022	1	2
18	1	10327	2	4
19	1	9999	4	4
20	2	9205	1	1
21	1	10667	1	1
22	1	9528	1	1
23	5	10017	1	1
24	1	9667	3	2
25	3	10472	1	4
26	1	9246	6	2
27	1	10271	1	4
28	1	10016	1	1
29	1	10347	7	7
30	3	9225	2	2
31	3	10427	1	2
32	3	9489	2	2
33	1	10001	2	3
34	1	9827	3	1
35	1	9209	1	1
36	2	9225	2	2
37	1	9912	2	1
38	4	9265	4	4
39	4	10048	1	1
40	1	9246	6	2
41	2	10030	2	2
42	2	10107	1	4
43	1	10807	1	1
44	1	9667	3	2
45	1	9787	2	2
46	1	9667	3	2
47	1	9226	2	2
48	4	10023	1	2
49	2	9208	1	1
50	1	9265	4	4
51	3	10687	2	2
52	5	9489	2	2
53	1	9006	2	3
54	1	9624	3	2
55	1	9426	5	5
56	5	8646	1	1
57	4	9007	3	3
58	3	10527	1	1
59	2	9249	1	1
60	1	9992	1	1
61	1	9627	1	1
62	2	10327	2	4
63	1	10347	7	7
64	1	10347	7	7
65	3	9728	1	2
66	1	10687	2	2
67	3	9265	4	4
68	1	9827	3	1
69	1	9827	3	1
70	1	9624	3	2
71	1	9976	3	1
72	1	10030	2	2
73	1	9999	4	4
74	1	10347	7	7
75	1	10046	1	4
76	1	9465	1	1
77	5	10012	1	1
78	1	9887	2	3
79	1	9245	3	2
80	1	10010	1	1
81	1	9999	4	4
82	3	8985	1	1
83	4	8885	1	1
84	1	9887	2	3
85	2	10039	1	2
86	1	9245	3	2
87	1	10013	1	1
88	1	10347	7	7
89	3	10547	1	1
90	1	10127	2	4
91	2	9968	1	1
92	5	9405	1	1
93	3	10032	1	1
94	1	10367	1	1
95	4	9620	1	1
96	3	9007	3	3
97	5	9565	1	1
98	1	8825	1	1
99	1	10627	1	1
100	1	10062	1	1
101	4	9888	1	1
102	1	9226	2	2
103	2	10507	1	1
104	3	9989	1	1
105	1	10347	7	7
106	4	9346	1	1
107	2	10002	1	1
108	1	10747	1	1
109	4	10025	1	1
110	1	10007	1	1
111	1	10170	1	1
112	4	9105	1	1
113	1	10707	1	1
114	5	9325	1	1
115	2	9426	5	5
116	1	9245	3	2
117	1	9006	2	3
118	1	10128	1	1
119	2	10567	1	1
120	1	9545	1	1
121	1	10001	2	3
122	2	9206	1	1
123	2	9999	4	4
124	1	9927	1	1
125	3	9446	1	1
126	1	9912	2	1
127	1	10026	1	2
128	1	9246	6	2
129	3	9426	5	5
130	2	9007	3	3
131	1	10045	1	2
132	4	10331	1	1
133	1	10249	1	1
134	1	10508	2	2
135	2	9982	2	2
136	1	9624	3	2
137	1	9788	1	1
138	3	10729	1	1
139	1	9976	3	1
140	2	9787	2	2
141	3	9972	1	1
142	1	9246	6	2
143	3	10056	1	1
144	2	9982	2	2
145	2	9975	1	1
146	1	9976	3	1
147	1	10127	2	4
148	1	9613	1	1
149	3	10015	1	1
150	1	10347	7	7
151	4	9619	1	1
152	1	9246	6	2
153	4	10508	2	2
154	1	10787	1	1
155	3	9616	1	1
156	1	9426	5	5
157	1	10248	1	1
Summary details:
#violations= 12
fitness= 13430
92 students got their choice 1 project
21 students got their choice 2 project
20 students got their choice 3 project
14 students got their choice 4 project
10 students got their choice 5 project
