1 45960
10001 4830
20001 3710
30001 3730
40001 3780
50001 3680
60001 3710
70001 3680
80001 3530
90001 3550
100001 2530
110001 2630
120001 1580
130001 1540
140001 1610
150001 1640
160001 1560
170001 1580
180001 1580
190001 1550
200001 1650
210001 1580
220001 1570
230001 1560
240001 1540
250001 1490
260001 1550
270001 1520
280001 1500
290001 1490
300001 1520
310001 1480
320001 1480
330001 1480
340001 1470
350001 1490
360001 1470
370001 1460
380001 1460
390001 1460
400001 1460
410001 1470
420001 1460
430001 1440
440001 1440
450001 1440
460001 1440
470001 1440
480001 1440
490001 1440
500000 1440
1 49980
10001 5880
20001 5810
30001 4780
40001 3740
50001 2790
60001 2900
70001 2750
80001 2710
90001 1770
100001 1740
110001 1840
120001 1780
130001 1780
140001 1740
150001 1770
160001 1760
170001 1720
180001 1680
190001 1750
200001 1720
210001 1660
220001 1690
230001 1640
240001 1680
250001 1620
260001 1600
270001 1650
280001 1590
290001 1610
300001 1590
310001 1630
320001 1600
330001 1630
340001 1600
350001 1610
360001 1580
370001 1570
380001 1570
390001 1570
400001 1570
410001 1580
420001 1570
430001 1570
440001 1570
450001 1570
460001 1570
470001 1570
480001 1570
490001 1570
500000 1570
1 46880
10001 5820
20001 3750
30001 3740
40001 1660
50001 1520
60001 1500
70001 1510
80001 1500
90001 1450
100001 1460
110001 1410
120001 1470
130001 1450
140001 1460
150001 1500
160001 1450
170001 1460
180001 1390
190001 1370
200001 1480
210001 1360
220001 1390
230001 1380
240001 1350
250001 1330
260001 1390
270001 1310
280001 1320
290001 1340
300001 1360
310001 1340
320001 1310
330001 1310
340001 1310
350001 1290
360001 1290
370001 1310
380001 1310
390001 1290
400001 1290
410001 1290
420001 1290
430001 1290
440001 1290
450001 1290
460001 1270
470001 1270
480001 1270
490001 1270
500000 1270
1 47070
10001 6700
20001 5460
30001 3630
40001 3630
50001 2570
60001 2600
70001 1520
80001 1450
90001 1470
100001 1410
110001 1370
120001 1390
130001 1400
140001 1390
150001 1310
160001 1400
170001 1400
180001 1320
190001 1300
200001 1290
210001 1310
220001 1300
230001 1270
240001 1380
250001 1310
260001 1320
270001 1280
280001 1280
290001 1240
300001 1260
310001 1270
320001 1290
330001 1290
340001 1270
350001 1260
360001 1240
370001 1240
380001 1270
390001 1250
400001 1240
410001 1240
420001 1240
430001 1240
440001 1240
450001 1240
460001 1240
470001 1240
480001 1240
490001 1240
500000 1240
1 44970
10001 7000
20001 6930
30001 4940
40001 4710
50001 3690
60001 3650
70001 3630
80001 3620
90001 3680
100001 3660
110001 3630
120001 3620
130001 2620
140001 2600
150001 2670
160001 2730
170001 2730
180001 2640
190001 2590
200001 2570
210001 2520
220001 2510
230001 2570
240001 2530
250001 2600
260001 2530
270001 2500
280001 2500
290001 2490
300001 2460
310001 2470
320001 2450
330001 2440
340001 2420
350001 2430
360001 2420
370001 2420
380001 2420
390001 2410
400001 2410
410001 2410
420001 2410
430001 2410
440001 2410
450001 2410
460001 2410
470001 2410
480001 2410
490001 2410
500000 2410
