10001 47170 4.16764e+06 912.978
20001 5946 543744 329.771
30001 5026 1.41086e+06 531.199
40001 4046 290104 240.875
50001 3412 951536 436.242
60001 2752 635696 356.566
70001 2742 627576 354.281
80001 2520 897160 423.594
90001 2478 874656 418.248
100001 2292 961096 438.428
110001 2086 704064 375.25
120001 2072 693256 372.359
130001 1876 676064 367.713
140001 1690 219720 209.628
150001 1672 208896 204.4
160001 1672 208896 204.4
170001 1670 210520 205.193
180001 1668 211696 205.765
190001 1664 211904 205.866
200001 1652 219776 209.655
210001 1644 214344 207.048
220001 1642 210816 205.337
230001 1636 203944 201.962
240001 1630 193720 196.835
250001 1618 197336 198.664
260001 1612 195656 197.816
270001 1612 195656 197.816
280001 1612 195656 197.816
290001 1606 197944 198.969
300001 1600 191720 195.816
310001 1596 185064 192.387
320001 1592 181856 190.712
330001 1592 181856 190.712
340001 1592 181856 190.712
350001 1592 181856 190.712
360001 1592 181856 190.712
370001 1592 181856 190.712
380001 1592 181856 190.712
390001 1592 181856 190.712
400001 1592 181856 190.712
410001 1592 181856 190.712
420001 1592 181856 190.712
430001 1592 181856 190.712
440001 1588 182976 191.299
450001 1588 182976 191.299
460001 1588 182976 191.299
470001 1584 185424 192.574
480001 1584 185424 192.574
490001 1584 185424 192.574
500001 1584 185424 192.574
510000 1584 185424 192.574
