Tstart 10.000000, Tend 0.010000, alpha 0.000020
1 Fitness= 45960 Best= 45960 T=9.999980
10001 Fitness= 4830 Best= 4740 T=9.800180
20001 Fitness= 3710 Best= 3680 T=9.600380
30001 Fitness= 3730 Best= 3660 T=9.400580
40001 Fitness= 3780 Best= 3650 T=9.200780
50001 Fitness= 3680 Best= 3570 T=9.000980
60001 Fitness= 3710 Best= 3570 T=8.801180
70001 Fitness= 3680 Best= 3510 T=8.601380
80001 Fitness= 3530 Best= 3440 T=8.401580
90001 Fitness= 3550 Best= 3420 T=8.201780
100001 Fitness= 2530 Best= 2500 T=8.001980
110001 Fitness= 2630 Best= 2430 T=7.802180
120001 Fitness= 1580 Best= 1520 T=7.602380
130001 Fitness= 1540 Best= 1510 T=7.402580
140001 Fitness= 1610 Best= 1510 T=7.202780
150001 Fitness= 1640 Best= 1510 T=7.002980
160001 Fitness= 1560 Best= 1510 T=6.803180
170001 Fitness= 1580 Best= 1510 T=6.603380
180001 Fitness= 1580 Best= 1510 T=6.403580
190001 Fitness= 1550 Best= 1510 T=6.203780
200001 Fitness= 1650 Best= 1510 T=6.003980
210001 Fitness= 1580 Best= 1510 T=5.804180
220001 Fitness= 1570 Best= 1510 T=5.604380
230001 Fitness= 1560 Best= 1510 T=5.404580
240001 Fitness= 1540 Best= 1500 T=5.204780
250001 Fitness= 1490 Best= 1490 T=5.004980
260001 Fitness= 1550 Best= 1490 T=4.805180
270001 Fitness= 1520 Best= 1490 T=4.605380
280001 Fitness= 1500 Best= 1470 T=4.405580
290001 Fitness= 1490 Best= 1460 T=4.205780
300001 Fitness= 1520 Best= 1460 T=4.005980
310001 Fitness= 1480 Best= 1460 T=3.806180
320001 Fitness= 1480 Best= 1460 T=3.606380
330001 Fitness= 1480 Best= 1460 T=3.406580
340001 Fitness= 1470 Best= 1460 T=3.206780
350001 Fitness= 1490 Best= 1460 T=3.006980
360001 Fitness= 1470 Best= 1460 T=2.807180
370001 Fitness= 1460 Best= 1460 T=2.607380
380001 Fitness= 1460 Best= 1460 T=2.407580
390001 Fitness= 1460 Best= 1460 T=2.207780
400001 Fitness= 1460 Best= 1460 T=2.007980
410001 Fitness= 1470 Best= 1460 T=1.808180
420001 Fitness= 1460 Best= 1460 T=1.608380
430001 Fitness= 1440 Best= 1440 T=1.408580
440001 Fitness= 1440 Best= 1440 T=1.208780
450001 Fitness= 1440 Best= 1440 T=1.008980
460001 Fitness= 1440 Best= 1440 T=0.809180
470001 Fitness= 1440 Best= 1440 T=0.609380
480001 Fitness= 1440 Best= 1440 T=0.409580
490001 Fitness= 1440 Best= 1440 T=0.209780
500000 Fitness= 1440 Best= 1440


=== RESULTS (last random solution) ===

Over-allocated projects (violations) :
PRJ_ID	N_ALLOC	MAX
Complete List of Project Allocations Made:
STUDENT	CHOICE	PRJ_ID	N_ALLOC	MAX
1	2	10471	1	1
2	1	9911	1	1
3	1	10767	1	1
4	1	9166	1	2
5	1	9996	1	1
6	1	10000	1	1
7	1	10587	1	1
8	1	9426	5	5
9	1	10607	1	1
10	1	10088	1	4
11	1	10044	1	1
12	2	10147	1	2
13	3	9426	5	5
14	2	9689	1	1
15	1	10253	1	1
16	3	9667	2	2
17	1	10022	2	2
18	1	10327	2	4
19	2	10012	1	1
20	3	9105	1	1
21	1	10667	1	1
22	1	9528	1	1
23	1	9007	3	3
24	2	9999	4	4
25	3	10472	4	4
26	5	9265	4	4
27	1	10271	1	4
28	1	10016	1	1
29	1	10347	7	7
30	3	9225	2	2
31	3	10427	1	2
32	3	9489	1	2
33	1	10001	3	3
34	2	9982	2	2
35	1	9209	1	1
36	2	9225	2	2
37	1	9912	1	1
38	4	9265	4	4
39	1	10022	2	2
40	4	9265	4	4
41	2	10030	2	2
42	4	9993	1	1
43	1	10807	1	1
44	1	9667	2	2
45	4	10470	1	2
46	5	9787	2	2
47	1	9226	2	2
48	3	9991	1	1
49	3	9619	1	1
50	1	9265	4	4
51	2	9545	1	1
52	2	10023	1	2
53	1	9006	3	3
54	3	9982	2	2
55	1	9426	5	5
56	4	9426	5	5
57	1	10259	1	2
58	3	10527	1	1
59	1	10249	1	1
60	1	9992	1	1
61	2	9249	1	1
62	2	10327	2	4
63	1	10347	7	7
64	1	10347	7	7
65	3	9728	1	2
66	1	10687	2	2
67	4	10472	4	4
68	4	10472	4	4
69	2	9246	2	2
70	1	9624	2	2
71	4	10064	2	2
72	1	10030	2	2
73	1	9999	4	4
74	1	10347	7	7
75	1	10046	2	4
76	1	9465	1	1
77	1	10046	2	4
78	1	9887	3	3
79	5	10001	3	3
80	1	10010	1	1
81	1	9999	4	4
82	3	8985	1	1
83	1	9887	3	3
84	1	9887	3	3
85	2	10039	2	2
86	1	9245	2	2
87	2	10042	1	1
88	1	10347	7	7
89	2	10025	1	1
90	1	10127	2	4
91	2	9968	1	1
92	3	9787	2	2
93	3	10032	1	1
94	1	10367	1	1
95	1	8825	1	1
96	3	9007	3	3
97	1	9246	2	2
98	4	10472	4	4
99	1	10627	1	1
100	1	10062	1	1
101	1	9984	1	1
102	1	9226	2	2
103	1	10508	2	2
104	3	9989	1	1
105	1	10347	7	7
106	1	10013	1	1
107	2	10002	1	1
108	1	10747	1	1
109	2	9007	3	3
110	1	10007	1	1
111	1	10170	1	1
112	1	9306	1	1
113	1	10707	1	1
114	1	9627	1	1
115	5	9967	1	1
116	1	9245	2	2
117	1	9006	3	3
118	1	10128	1	1
119	2	10567	1	1
120	5	9613	1	1
121	1	10001	3	3
122	1	9205	1	1
123	2	9999	4	4
124	1	9927	1	1
125	3	9446	1	1
126	2	8885	1	1
127	1	10026	1	2
128	3	9827	1	1
129	4	10547	1	1
130	1	9206	1	1
131	1	10045	1	2
132	1	9208	1	1
133	2	10648	1	1
134	2	10187	1	1
135	1	10508	2	2
136	1	9624	2	2
137	3	9789	1	1
138	2	9426	5	5
139	4	10064	2	2
140	5	10039	2	2
141	3	9972	1	1
142	4	9976	1	1
143	3	10056	1	1
144	4	9485	1	2
145	1	10048	1	1
146	4	9405	1	1
147	1	10127	2	4
148	3	8646	1	1
149	3	10015	1	1
150	1	10347	7	7
151	2	9389	1	1
152	3	9565	1	1
153	2	9006	3	3
154	1	10787	1	1
155	1	10687	2	2
156	2	10107	1	4
157	1	10248	1	1
Summary details:
#violations= 0
fitness= 1440
84 students got their choice 1 project
28 students got their choice 2 project
25 students got their choice 3 project
14 students got their choice 4 project
6 students got their choice 5 project
Tstart 10.000000, Tend 0.010000, alpha 0.000020
1 Fitness= 49980 Best= 50970 T=9.999980
10001 Fitness= 5880 Best= 5780 T=9.800180
20001 Fitness= 5810 Best= 5660 T=9.600380
30001 Fitness= 4780 Best= 4630 T=9.400580
40001 Fitness= 3740 Best= 3650 T=9.200780
50001 Fitness= 2790 Best= 2690 T=9.000980
60001 Fitness= 2900 Best= 2690 T=8.801180
70001 Fitness= 2750 Best= 2680 T=8.601380
80001 Fitness= 2710 Best= 2600 T=8.401580
90001 Fitness= 1770 Best= 1750 T=8.201780
100001 Fitness= 1740 Best= 1680 T=8.001980
110001 Fitness= 1840 Best= 1680 T=7.802180
120001 Fitness= 1780 Best= 1680 T=7.602380
130001 Fitness= 1780 Best= 1680 T=7.402580
140001 Fitness= 1740 Best= 1650 T=7.202780
150001 Fitness= 1770 Best= 1650 T=7.002980
160001 Fitness= 1760 Best= 1650 T=6.803180
170001 Fitness= 1720 Best= 1650 T=6.603380
180001 Fitness= 1680 Best= 1630 T=6.403580
190001 Fitness= 1750 Best= 1630 T=6.203780
200001 Fitness= 1720 Best= 1620 T=6.003980
210001 Fitness= 1660 Best= 1620 T=5.804180
220001 Fitness= 1690 Best= 1610 T=5.604380
230001 Fitness= 1640 Best= 1610 T=5.404580
240001 Fitness= 1680 Best= 1580 T=5.204780
250001 Fitness= 1620 Best= 1580 T=5.004980
260001 Fitness= 1600 Best= 1580 T=4.805180
270001 Fitness= 1650 Best= 1580 T=4.605380
280001 Fitness= 1590 Best= 1580 T=4.405580
290001 Fitness= 1610 Best= 1580 T=4.205780
300001 Fitness= 1590 Best= 1580 T=4.005980
310001 Fitness= 1630 Best= 1570 T=3.806180
320001 Fitness= 1600 Best= 1570 T=3.606380
330001 Fitness= 1630 Best= 1570 T=3.406580
340001 Fitness= 1600 Best= 1570 T=3.206780
350001 Fitness= 1610 Best= 1570 T=3.006980
360001 Fitness= 1580 Best= 1570 T=2.807180
370001 Fitness= 1570 Best= 1570 T=2.607380
380001 Fitness= 1570 Best= 1570 T=2.407580
390001 Fitness= 1570 Best= 1570 T=2.207780
400001 Fitness= 1570 Best= 1570 T=2.007980
410001 Fitness= 1580 Best= 1570 T=1.808180
420001 Fitness= 1570 Best= 1570 T=1.608380
430001 Fitness= 1570 Best= 1570 T=1.408580
440001 Fitness= 1570 Best= 1570 T=1.208780
450001 Fitness= 1570 Best= 1570 T=1.008980
460001 Fitness= 1570 Best= 1570 T=0.809180
470001 Fitness= 1570 Best= 1570 T=0.609380
480001 Fitness= 1570 Best= 1570 T=0.409580
490001 Fitness= 1570 Best= 1570 T=0.209780
500000 Fitness= 1570 Best= 1570


=== RESULTS (last random solution) ===

Over-allocated projects (violations) :
PRJ_ID	N_ALLOC	MAX
Complete List of Project Allocations Made:
STUDENT	CHOICE	PRJ_ID	N_ALLOC	MAX
1	2	10471	1	1
2	1	9911	1	1
3	1	10767	1	1
4	1	9166	1	2
5	1	9996	1	1
6	2	10013	1	1
7	1	10587	1	1
8	4	10508	2	2
9	4	9446	1	1
10	1	10088	1	4
11	1	10044	1	1
12	2	10147	1	2
13	1	10607	1	1
14	4	9265	4	4
15	1	10253	1	1
16	1	9246	2	2
17	4	9613	1	1
18	1	10327	2	4
19	4	9007	3	3
20	1	9426	5	5
21	1	10667	1	1
22	1	9528	1	1
23	1	9007	3	3
24	4	9405	1	1
25	1	9426	5	5
26	3	9999	4	4
27	1	10271	1	4
28	1	10016	1	1
29	1	10347	7	7
30	3	9225	1	2
31	1	9993	1	1
32	3	9489	1	2
33	1	10001	3	3
34	2	9982	2	2
35	3	9688	1	1
36	1	9972	1	1
37	1	9912	1	1
38	5	10001	3	3
39	1	10022	2	2
40	5	10015	1	1
41	5	9787	2	2
42	2	10107	2	4
43	1	10807	1	1
44	3	9689	1	1
45	4	10470	1	2
46	3	9206	1	1
47	1	9226	2	2
48	2	10022	2	2
49	1	9545	1	1
50	2	9887	3	3
51	3	10687	2	2
52	2	10023	1	2
53	1	9006	3	3
54	1	9624	2	2
55	2	10472	3	4
56	4	9426	5	5
57	1	10259	1	2
58	1	10268	1	2
59	1	10249	1	1
60	5	9209	1	1
61	2	9249	1	1
62	2	10327	2	4
63	1	10347	7	7
64	1	10347	7	7
65	3	9728	1	2
66	1	10687	2	2
67	4	10472	3	4
68	3	9265	4	4
69	1	9827	1	1
70	2	9667	2	2
71	4	10064	2	2
72	1	10030	2	2
73	1	9999	4	4
74	1	10347	7	7
75	5	10012	1	1
76	1	9465	1	1
77	1	10046	2	4
78	4	10472	3	4
79	3	9265	4	4
80	1	10010	1	1
81	1	9999	4	4
82	3	8985	1	1
83	1	9887	3	3
84	1	9887	3	3
85	2	10039	2	2
86	4	9968	1	1
87	2	10042	1	1
88	1	10347	7	7
89	2	10025	1	1
90	1	10127	2	4
91	1	9982	2	2
92	1	9667	2	2
93	3	10032	1	1
94	1	10367	1	1
95	2	10039	2	2
96	4	10046	2	4
97	2	9245	2	2
98	1	8825	1	1
99	1	10627	1	1
100	1	10062	1	1
101	1	9984	1	1
102	1	9226	2	2
103	2	10507	1	1
104	3	9989	1	1
105	1	10347	7	7
106	2	10000	1	1
107	2	10002	1	1
108	1	10747	1	1
109	1	10527	1	1
110	1	10007	1	1
111	1	10170	1	1
112	1	9306	1	1
113	1	10707	1	1
114	1	9627	1	1
115	2	9426	5	5
116	5	9265	4	4
117	1	9006	3	3
118	1	10128	1	1
119	2	10567	1	1
120	4	9205	1	1
121	1	10001	3	3
122	3	9007	3	3
123	2	9999	4	4
124	1	9927	1	1
125	1	8885	1	1
126	5	10030	2	2
127	1	10026	1	2
128	2	9245	2	2
129	4	10547	1	1
130	3	9207	1	1
131	1	10045	1	2
132	1	9208	1	1
133	2	10648	1	1
134	2	10187	1	1
135	1	10508	2	2
136	1	9624	2	2
137	1	9788	1	1
138	3	10729	1	1
139	4	10064	2	2
140	2	9787	2	2
141	1	9426	5	5
142	1	9246	2	2
143	3	10056	1	1
144	4	9485	1	2
145	1	10048	1	1
146	1	9976	1	1
147	1	10127	2	4
148	3	8646	1	1
149	5	9647	1	1
150	1	10347	7	7
151	4	9619	1	1
152	3	9565	1	1
153	2	9006	3	3
154	1	10787	1	1
155	5	9505	1	1
156	2	10107	2	4
157	1	10248	1	1
Summary details:
#violations= 0
fitness= 1570
82 students got their choice 1 project
29 students got their choice 2 project
19 students got their choice 3 project
18 students got their choice 4 project
9 students got their choice 5 project
Tstart 10.000000, Tend 0.010000, alpha 0.000020
1 Fitness= 46880 Best= 46880 T=9.999980
10001 Fitness= 5820 Best= 5780 T=9.800180
20001 Fitness= 3750 Best= 3680 T=9.600380
30001 Fitness= 3740 Best= 3660 T=9.400580
40001 Fitness= 1660 Best= 1630 T=9.200780
50001 Fitness= 1520 Best= 1450 T=9.000980
60001 Fitness= 1500 Best= 1440 T=8.801180
70001 Fitness= 1510 Best= 1440 T=8.601380
80001 Fitness= 1500 Best= 1440 T=8.401580
90001 Fitness= 1450 Best= 1380 T=8.201780
100001 Fitness= 1460 Best= 1380 T=8.001980
110001 Fitness= 1410 Best= 1380 T=7.802180
120001 Fitness= 1470 Best= 1380 T=7.602380
130001 Fitness= 1450 Best= 1380 T=7.402580
140001 Fitness= 1460 Best= 1380 T=7.202780
150001 Fitness= 1500 Best= 1380 T=7.002980
160001 Fitness= 1450 Best= 1380 T=6.803180
170001 Fitness= 1460 Best= 1370 T=6.603380
180001 Fitness= 1390 Best= 1370 T=6.403580
190001 Fitness= 1370 Best= 1320 T=6.203780
200001 Fitness= 1480 Best= 1320 T=6.003980
210001 Fitness= 1360 Best= 1320 T=5.804180
220001 Fitness= 1390 Best= 1320 T=5.604380
230001 Fitness= 1380 Best= 1320 T=5.404580
240001 Fitness= 1350 Best= 1310 T=5.204780
250001 Fitness= 1330 Best= 1300 T=5.004980
260001 Fitness= 1390 Best= 1300 T=4.805180
270001 Fitness= 1310 Best= 1300 T=4.605380
280001 Fitness= 1320 Best= 1290 T=4.405580
290001 Fitness= 1340 Best= 1290 T=4.205780
300001 Fitness= 1360 Best= 1290 T=4.005980
310001 Fitness= 1340 Best= 1290 T=3.806180
320001 Fitness= 1310 Best= 1290 T=3.606380
330001 Fitness= 1310 Best= 1290 T=3.406580
340001 Fitness= 1310 Best= 1290 T=3.206780
350001 Fitness= 1290 Best= 1290 T=3.006980
360001 Fitness= 1290 Best= 1290 T=2.807180
370001 Fitness= 1310 Best= 1290 T=2.607380
380001 Fitness= 1310 Best= 1290 T=2.407580
390001 Fitness= 1290 Best= 1290 T=2.207780
400001 Fitness= 1290 Best= 1290 T=2.007980
410001 Fitness= 1290 Best= 1290 T=1.808180
420001 Fitness= 1290 Best= 1290 T=1.608380
430001 Fitness= 1290 Best= 1290 T=1.408580
440001 Fitness= 1290 Best= 1290 T=1.208780
450001 Fitness= 1290 Best= 1290 T=1.008980
460001 Fitness= 1270 Best= 1270 T=0.809180
470001 Fitness= 1270 Best= 1270 T=0.609380
480001 Fitness= 1270 Best= 1270 T=0.409580
490001 Fitness= 1270 Best= 1270 T=0.209780
500000 Fitness= 1270 Best= 1270


=== RESULTS (last random solution) ===

Over-allocated projects (violations) :
PRJ_ID	N_ALLOC	MAX
Complete List of Project Allocations Made:
STUDENT	CHOICE	PRJ_ID	N_ALLOC	MAX
1	2	10471	1	1
2	1	9911	1	1
3	1	10767	1	1
4	1	9166	1	2
5	4	9406	1	1
6	1	10000	1	1
7	1	10587	1	1
8	1	9426	5	5
9	2	9205	1	1
10	1	10088	1	4
11	1	10044	1	1
12	1	9996	1	1
13	1	10607	1	1
14	3	9989	1	1
15	1	10253	1	1
16	5	9968	1	1
17	1	10022	2	2
18	1	10327	3	4
19	2	10012	1	1
20	3	9105	1	1
21	1	10667	1	1
22	1	9528	1	1
23	5	10017	1	1
24	4	9405	1	1
25	3	10472	3	4
26	5	9265	4	4
27	1	10271	1	4
28	4	10127	4	4
29	1	10347	7	7
30	3	9225	1	2
31	1	9993	1	1
32	3	9489	1	2
33	1	10001	3	3
34	2	9982	2	2
35	1	9209	1	1
36	1	9972	1	1
37	1	9912	1	1
38	5	10001	3	3
39	2	9688	1	1
40	4	9265	4	4
41	2	10030	2	2
42	2	10107	1	4
43	1	10807	1	1
44	1	9667	2	2
45	4	10470	1	2
46	3	9206	1	1
47	1	9226	2	2
48	2	10022	2	2
49	1	9545	1	1
50	2	9887	3	3
51	1	9208	1	1
52	2	10023	1	2
53	1	9006	2	3
54	1	9624	2	2
55	1	9426	5	5
56	1	10127	4	4
57	1	10259	1	2
58	1	10268	1	2
59	1	10249	1	1
60	1	9992	1	1
61	2	9249	1	1
62	2	10327	3	4
63	1	10347	7	7
64	1	10347	7	7
65	3	9728	1	2
66	1	10687	2	2
67	1	9426	5	5
68	4	10472	3	4
69	1	9827	1	1
70	2	9667	2	2
71	4	10064	2	2
72	1	10030	2	2
73	1	9999	4	4
74	1	10347	7	7
75	1	10046	2	4
76	2	9947	1	1
77	1	10046	2	4
78	1	9887	3	3
79	3	9265	4	4
80	1	10010	1	1
81	1	9999	4	4
82	3	8985	1	1
83	2	10332	1	1
84	1	9887	3	3
85	2	10039	1	2
86	1	9245	2	2
87	2	10042	1	1
88	1	10347	7	7
89	2	10025	1	1
90	1	10127	4	4
91	1	9982	2	2
92	3	9787	2	2
93	3	10032	1	1
94	1	10367	1	1
95	1	8825	1	1
96	3	9007	3	3
97	1	9246	2	2
98	4	10472	3	4
99	1	10627	1	1
100	2	10327	3	4
101	1	9984	1	1
102	1	9226	2	2
103	1	10508	2	2
104	2	9689	1	1
105	1	10347	7	7
106	1	10013	1	1
107	2	10002	1	1
108	1	10747	1	1
109	1	10527	1	1
110	1	10007	1	1
111	1	10170	1	1
112	3	10062	1	1
113	1	10707	1	1
114	1	9627	1	1
115	5	9967	1	1
116	5	9265	4	4
117	1	9006	2	3
118	1	10128	1	1
119	2	10567	1	1
120	2	9619	1	1
121	1	10001	3	3
122	3	9007	3	3
123	2	9999	4	4
124	1	9927	1	1
125	1	8885	1	1
126	3	9446	1	1
127	1	10026	1	2
128	2	9245	2	2
129	4	10547	1	1
130	2	9007	3	3
131	1	10045	1	2
132	4	10331	1	1
133	2	10648	1	1
134	2	10187	1	1
135	1	10508	2	2
136	1	9624	2	2
137	1	9788	1	1
138	3	10729	1	1
139	4	10064	2	2
140	2	9787	2	2
141	1	9426	5	5
142	1	9246	2	2
143	3	10056	1	1
144	4	9485	1	2
145	1	10048	1	1
146	1	9976	1	1
147	1	10127	4	4
148	1	9613	1	1
149	3	10015	1	1
150	1	10347	7	7
151	1	9465	1	1
152	3	9565	1	1
153	1	9999	4	4
154	1	10787	1	1
155	1	10687	2	2
156	1	9426	5	5
157	1	10248	1	1
Summary details:
#violations= 0
fitness= 1270
91 students got their choice 1 project
29 students got their choice 2 project
19 students got their choice 3 project
12 students got their choice 4 project
6 students got their choice 5 project
Tstart 10.000000, Tend 0.010000, alpha 0.000020
1 Fitness= 47070 Best= 47070 T=9.999980
10001 Fitness= 6700 Best= 6600 T=9.800180
20001 Fitness= 5460 Best= 5380 T=9.600380
30001 Fitness= 3630 Best= 3510 T=9.400580
40001 Fitness= 3630 Best= 3510 T=9.200780
50001 Fitness= 2570 Best= 2450 T=9.000980
60001 Fitness= 2600 Best= 2450 T=8.801180
70001 Fitness= 1520 Best= 1410 T=8.601380
80001 Fitness= 1450 Best= 1370 T=8.401580
90001 Fitness= 1470 Best= 1370 T=8.201780
100001 Fitness= 1410 Best= 1330 T=8.001980
110001 Fitness= 1370 Best= 1330 T=7.802180
120001 Fitness= 1390 Best= 1300 T=7.602380
130001 Fitness= 1400 Best= 1290 T=7.402580
140001 Fitness= 1390 Best= 1270 T=7.202780
150001 Fitness= 1310 Best= 1270 T=7.002980
160001 Fitness= 1400 Best= 1260 T=6.803180
170001 Fitness= 1400 Best= 1260 T=6.603380
180001 Fitness= 1320 Best= 1260 T=6.403580
190001 Fitness= 1300 Best= 1250 T=6.203780
200001 Fitness= 1290 Best= 1240 T=6.003980
210001 Fitness= 1310 Best= 1240 T=5.804180
220001 Fitness= 1300 Best= 1240 T=5.604380
230001 Fitness= 1270 Best= 1240 T=5.404580
240001 Fitness= 1380 Best= 1230 T=5.204780
250001 Fitness= 1310 Best= 1230 T=5.004980
260001 Fitness= 1320 Best= 1230 T=4.805180
270001 Fitness= 1280 Best= 1230 T=4.605380
280001 Fitness= 1280 Best= 1230 T=4.405580
290001 Fitness= 1240 Best= 1230 T=4.205780
300001 Fitness= 1260 Best= 1230 T=4.005980
310001 Fitness= 1270 Best= 1230 T=3.806180
320001 Fitness= 1290 Best= 1230 T=3.606380
330001 Fitness= 1290 Best= 1230 T=3.406580
340001 Fitness= 1270 Best= 1230 T=3.206780
350001 Fitness= 1260 Best= 1230 T=3.006980
360001 Fitness= 1240 Best= 1230 T=2.807180
370001 Fitness= 1240 Best= 1230 T=2.607380
380001 Fitness= 1270 Best= 1230 T=2.407580
390001 Fitness= 1250 Best= 1230 T=2.207780
400001 Fitness= 1240 Best= 1230 T=2.007980
410001 Fitness= 1240 Best= 1230 T=1.808180
420001 Fitness= 1240 Best= 1230 T=1.608380
430001 Fitness= 1240 Best= 1230 T=1.408580
440001 Fitness= 1240 Best= 1230 T=1.208780
450001 Fitness= 1240 Best= 1230 T=1.008980
460001 Fitness= 1240 Best= 1230 T=0.809180
470001 Fitness= 1240 Best= 1230 T=0.609380
480001 Fitness= 1240 Best= 1230 T=0.409580
490001 Fitness= 1240 Best= 1230 T=0.209780
500000 Fitness= 1240 Best= 1230


=== RESULTS (last random solution) ===

Over-allocated projects (violations) :
PRJ_ID	N_ALLOC	MAX
Complete List of Project Allocations Made:
STUDENT	CHOICE	PRJ_ID	N_ALLOC	MAX
1	2	10471	1	1
2	1	9911	1	1
3	1	10767	1	1
4	1	9166	1	2
5	1	9996	1	1
6	1	10000	1	1
7	1	10587	1	1
8	1	9426	5	5
9	1	10607	1	1
10	1	10088	1	4
11	1	10044	1	1
12	2	10147	1	2
13	3	9426	5	5
14	5	9787	2	2
15	1	10253	1	1
16	3	9667	2	2
17	1	10022	2	2
18	1	10327	1	4
19	2	10012	1	1
20	3	9105	1	1
21	1	10667	1	1
22	1	9528	1	1
23	1	9007	3	3
24	2	9999	4	4
25	1	9426	5	5
26	5	9265	4	4
27	1	10271	2	4
28	1	10016	1	1
29	1	10347	7	7
30	3	9225	2	2
31	3	10427	1	2
32	1	9992	1	1
33	4	10271	2	4
34	2	9982	2	2
35	1	9209	1	1
36	2	9225	2	2
37	1	9912	1	1
38	5	10001	2	3
39	2	9688	1	1
40	5	10015	1	1
41	2	10030	2	2
42	2	10107	2	4
43	1	10807	1	1
44	3	9689	1	1
45	4	10470	1	2
46	3	9206	1	1
47	1	9226	2	2
48	2	10022	2	2
49	3	9619	1	1
50	1	9265	4	4
51	1	9208	1	1
52	2	10023	1	2
53	1	9006	3	3
54	3	9982	2	2
55	1	9426	5	5
56	1	10127	3	4
57	1	10259	1	2
58	1	10268	1	2
59	1	10249	1	1
60	2	9993	1	1
61	2	9249	1	1
62	1	10032	1	1
63	1	10347	7	7
64	1	10347	7	7
65	3	9728	1	2
66	1	10687	2	2
67	4	10472	2	4
68	4	10472	2	4
69	1	9827	1	1
70	1	9624	2	2
71	4	10064	2	2
72	1	10030	2	2
73	1	9999	4	4
74	1	10347	7	7
75	1	10046	2	4
76	2	9947	1	1
77	1	10046	2	4
78	1	9887	3	3
79	3	9265	4	4
80	1	10010	1	1
81	1	9999	4	4
82	3	8985	1	1
83	1	9887	3	3
84	1	9887	3	3
85	2	10039	2	2
86	1	9245	2	2
87	2	10042	1	1
88	1	10347	7	7
89	2	10025	1	1
90	1	10127	3	4
91	2	9968	1	1
92	1	9667	2	2
93	2	9627	1	1
94	1	10367	1	1
95	2	10039	2	2
96	3	9007	3	3
97	2	9245	2	2
98	1	8825	1	1
99	1	10627	1	1
100	1	10062	1	1
101	4	9888	1	1
102	1	9226	2	2
103	1	10508	2	2
104	3	9989	1	1
105	1	10347	7	7
106	3	10002	1	1
107	3	10261	1	1
108	1	10747	1	1
109	1	10527	1	1
110	1	10007	1	1
111	1	10170	1	1
112	1	9306	1	1
113	1	10707	1	1
114	2	10013	1	1
115	2	9426	5	5
116	5	9265	4	4
117	1	9006	3	3
118	1	10128	1	1
119	2	10567	1	1
120	1	9545	1	1
121	1	10001	2	3
122	1	9205	1	1
123	2	9999	4	4
124	1	9927	1	1
125	1	8885	1	1
126	3	9446	1	1
127	1	10026	1	2
128	1	9246	2	2
129	4	10547	1	1
130	2	9007	3	3
131	1	10045	1	2
132	4	10331	1	1
133	2	10648	1	1
134	2	10187	1	1
135	1	10508	2	2
136	1	9624	2	2
137	1	9788	1	1
138	3	10729	1	1
139	4	10064	2	2
140	2	9787	2	2
141	3	9972	1	1
142	1	9246	2	2
143	3	10056	1	1
144	4	9485	1	2
145	1	10048	1	1
146	1	9976	1	1
147	1	10127	3	4
148	1	9613	1	1
149	1	9405	1	1
150	1	10347	7	7
151	1	9465	1	1
152	3	9565	1	1
153	2	9006	3	3
154	1	10787	1	1
155	1	10687	2	2
156	2	10107	2	4
157	1	10248	1	1
Summary details:
#violations= 0
fitness= 1230
90 students got their choice 1 project
31 students got their choice 2 project
21 students got their choice 3 project
10 students got their choice 4 project
5 students got their choice 5 project
Tstart 10.000000, Tend 0.010000, alpha 0.000020
1 Fitness= 44970 Best= 44970 T=9.999980
10001 Fitness= 7000 Best= 6830 T=9.800180
20001 Fitness= 6930 Best= 6730 T=9.600380
30001 Fitness= 4940 Best= 4770 T=9.400580
40001 Fitness= 4710 Best= 4620 T=9.200780
50001 Fitness= 3690 Best= 3600 T=9.000980
60001 Fitness= 3650 Best= 3560 T=8.801180
70001 Fitness= 3630 Best= 3560 T=8.601380
80001 Fitness= 3620 Best= 3540 T=8.401580
90001 Fitness= 3680 Best= 3540 T=8.201780
100001 Fitness= 3660 Best= 3540 T=8.001980
110001 Fitness= 3630 Best= 3540 T=7.802180
120001 Fitness= 3620 Best= 3500 T=7.602380
130001 Fitness= 2620 Best= 2590 T=7.402580
140001 Fitness= 2600 Best= 2550 T=7.202780
150001 Fitness= 2670 Best= 2550 T=7.002980
160001 Fitness= 2730 Best= 2550 T=6.803180
170001 Fitness= 2730 Best= 2550 T=6.603380
180001 Fitness= 2640 Best= 2550 T=6.403580
190001 Fitness= 2590 Best= 2550 T=6.203780
200001 Fitness= 2570 Best= 2530 T=6.003980
210001 Fitness= 2520 Best= 2520 T=5.804180
220001 Fitness= 2510 Best= 2500 T=5.604380
230001 Fitness= 2570 Best= 2470 T=5.404580
240001 Fitness= 2530 Best= 2470 T=5.204780
250001 Fitness= 2600 Best= 2460 T=5.004980
260001 Fitness= 2530 Best= 2460 T=4.805180
270001 Fitness= 2500 Best= 2460 T=4.605380
280001 Fitness= 2500 Best= 2460 T=4.405580
290001 Fitness= 2490 Best= 2440 T=4.205780
300001 Fitness= 2460 Best= 2420 T=4.005980
310001 Fitness= 2470 Best= 2410 T=3.806180
320001 Fitness= 2450 Best= 2410 T=3.606380
330001 Fitness= 2440 Best= 2410 T=3.406580
340001 Fitness= 2420 Best= 2410 T=3.206780
350001 Fitness= 2430 Best= 2410 T=3.006980
360001 Fitness= 2420 Best= 2410 T=2.807180
370001 Fitness= 2420 Best= 2410 T=2.607380
380001 Fitness= 2420 Best= 2410 T=2.407580
390001 Fitness= 2410 Best= 2410 T=2.207780
400001 Fitness= 2410 Best= 2410 T=2.007980
410001 Fitness= 2410 Best= 2410 T=1.808180
420001 Fitness= 2410 Best= 2410 T=1.608380
430001 Fitness= 2410 Best= 2410 T=1.408580
440001 Fitness= 2410 Best= 2410 T=1.208780
450001 Fitness= 2410 Best= 2410 T=1.008980
460001 Fitness= 2410 Best= 2410 T=0.809180
470001 Fitness= 2410 Best= 2410 T=0.609380
480001 Fitness= 2410 Best= 2410 T=0.409580
490001 Fitness= 2410 Best= 2410 T=0.209780
500000 Fitness= 2410 Best= 2410


=== RESULTS (last random solution) ===

Over-allocated projects (violations) :
PRJ_ID	N_ALLOC	MAX
9246	3	2
Complete List of Project Allocations Made:
STUDENT	CHOICE	PRJ_ID	N_ALLOC	MAX
1	2	10471	1	1
2	3	9688	1	1
3	1	10767	1	1
4	1	9166	1	2
5	2	10327	3	4
6	1	10000	1	1
7	1	10587	1	1
8	2	9911	1	1
9	4	9446	1	1
10	1	10088	1	4
11	1	10044	1	1
12	1	9996	1	1
13	3	9426	5	5
14	3	9989	1	1
15	1	10253	1	1
16	1	9246	3	2
17	4	9613	1	1
18	1	10327	3	4
19	2	10012	1	1
20	1	9426	5	5
21	1	10667	1	1
22	1	9528	1	1
23	1	9007	3	3
24	2	9999	4	4
25	1	9426	5	5
26	1	9246	3	2
27	1	10271	1	4
28	1	10016	1	1
29	1	10347	7	7
30	3	9225	1	2
31	3	10427	1	2
32	1	9992	1	1
33	1	10001	3	3
34	2	9982	2	2
35	1	9209	1	1
36	4	10025	1	1
37	1	9912	1	1
38	5	10001	3	3
39	4	10048	1	1
40	5	10015	1	1
41	2	10030	2	2
42	2	10107	2	4
43	1	10807	1	1
44	4	9405	1	1
45	1	9787	2	2
46	3	9206	1	1
47	1	9226	2	2
48	2	10022	2	2
49	1	9545	1	1
50	1	9265	4	4
51	1	9208	1	1
52	5	9489	1	2
53	1	9006	2	3
54	1	9624	2	2
55	2	10472	2	4
56	5	8646	1	1
57	1	10259	1	2
58	1	10268	1	2
59	1	10249	1	1
60	2	9993	1	1
61	2	9249	1	1
62	2	10327	3	4
63	1	10347	7	7
64	1	10347	7	7
65	3	9728	1	2
66	1	10687	2	2
67	4	10472	2	4
68	3	9265	4	4
69	1	9827	1	1
70	2	9667	2	2
71	4	10064	2	2
72	2	10022	2	2
73	1	9999	4	4
74	1	10347	7	7
75	1	10046	2	4
76	1	9465	1	1
77	1	10046	2	4
78	1	9887	3	3
79	3	9265	4	4
80	1	10010	1	1
81	1	9999	4	4
82	3	8985	1	1
83	1	9887	3	3
84	1	9887	3	3
85	2	10039	2	2
86	4	9968	1	1
87	2	10042	1	1
88	1	10347	7	7
89	3	10547	1	1
90	1	10127	2	4
91	1	9982	2	2
92	2	9689	1	1
93	3	10032	1	1
94	1	10367	1	1
95	2	10039	2	2
96	3	9007	3	3
97	2	9245	2	2
98	1	8825	1	1
99	1	10627	1	1
100	1	10062	1	1
101	4	9888	1	1
102	1	9226	2	2
103	2	10507	1	1
104	1	9667	2	2
105	1	10347	7	7
106	1	10013	1	1
107	2	10002	1	1
108	1	10747	1	1
109	1	10527	1	1
110	1	10007	1	1
111	1	10170	1	1
112	1	9306	1	1
113	1	10707	1	1
114	1	9627	1	1
115	5	9967	1	1
116	5	9265	4	4
117	1	9006	2	3
118	1	10128	1	1
119	2	10567	1	1
120	2	9619	1	1
121	1	10001	3	3
122	1	9205	1	1
123	2	9999	4	4
124	1	9927	1	1
125	1	8885	1	1
126	5	10030	2	2
127	1	10026	1	2
128	1	9246	3	2
129	3	9426	5	5
130	2	9007	3	3
131	1	10045	1	2
132	4	10331	1	1
133	2	10648	1	1
134	2	10187	1	1
135	1	10508	2	2
136	1	9624	2	2
137	3	9789	1	1
138	3	10729	1	1
139	4	10064	2	2
140	2	9787	2	2
141	1	9426	5	5
142	2	9245	2	2
143	3	10056	1	1
144	4	9485	1	2
145	2	9975	1	1
146	1	9976	1	1
147	1	10127	2	4
148	2	9984	1	1
149	5	9647	1	1
150	1	10347	7	7
151	2	9389	1	1
152	3	9565	1	1
153	4	10508	2	2
154	1	10787	1	1
155	1	10687	2	2
156	2	10107	2	4
157	1	10248	1	1
Summary details:
#violations= 1
fitness= 2410
84 students got their choice 1 project
34 students got their choice 2 project
18 students got their choice 3 project
13 students got their choice 4 project
8 students got their choice 5 project
