10001 46972 2.81966e+06 750.954
20001 6046 579024 340.301
30001 5132 1.54642e+06 556.132
40001 4164 326984 255.728
50001 3504 1.0005e+06 447.326
60001 2850 649080 360.3
70001 2872 652936 361.369
80001 2618 920536 429.077
90001 2562 888536 421.553
100001 2384 1.02478e+06 452.722
110001 2160 723160 380.305
120001 2176 733904 383.12
130001 1968 699416 374.01
140001 1758 202816 201.403
150001 1760 191080 195.489
160001 1778 222216 210.816
170001 1780 240920 219.509
180001 1778 238576 218.438
190001 1722 227296 213.212
200001 1712 217056 208.354
210001 1742 193496 196.721
220001 1686 191024 195.46
230001 1692 185776 192.757
240001 1684 213224 206.506
250001 1696 187944 193.878
260001 1670 229000 214.009
270001 1678 191896 195.906
280001 1652 198376 199.186
290001 1638 198736 199.367
300001 1634 199144 199.572
310001 1638 182416 191.006
320001 1638 188296 194.06
330001 1626 182744 191.177
340001 1630 179320 189.378
350001 1614 176264 187.757
360001 1616 182304 190.947
370001 1600 183080 191.353
380001 1600 181320 190.431
390001 1606 177144 188.225
400001 1596 179024 189.222
410001 1594 180424 189.96
420001 1598 179816 189.64
430001 1594 180424 189.96
440001 1590 181560 190.557
450001 1590 181560 190.557
460001 1590 181560 190.557
470001 1586 184024 191.846
480001 1586 184024 191.846
490001 1586 184024 191.846
500001 1586 184024 191.846
510000 1586 184024 191.846
