1 45960
10001 4740
20001 3680
30001 3660
40001 3650
50001 3570
60001 3570
70001 3510
80001 3440
90001 3420
100001 2500
110001 2430
120001 1520
130001 1510
140001 1510
150001 1510
160001 1510
170001 1510
180001 1510
190001 1510
200001 1510
210001 1510
220001 1510
230001 1510
240001 1500
250001 1490
260001 1490
270001 1490
280001 1470
290001 1460
300001 1460
310001 1460
320001 1460
330001 1460
340001 1460
350001 1460
360001 1460
370001 1460
380001 1460
390001 1460
400001 1460
410001 1460
420001 1460
430001 1440
440001 1440
450001 1440
460001 1440
470001 1440
480001 1440
490001 1440
500000 1440
1 50970
10001 5780
20001 5660
30001 4630
40001 3650
50001 2690
60001 2690
70001 2680
80001 2600
90001 1750
100001 1680
110001 1680
120001 1680
130001 1680
140001 1650
150001 1650
160001 1650
170001 1650
180001 1630
190001 1630
200001 1620
210001 1620
220001 1610
230001 1610
240001 1580
250001 1580
260001 1580
270001 1580
280001 1580
290001 1580
300001 1580
310001 1570
320001 1570
330001 1570
340001 1570
350001 1570
360001 1570
370001 1570
380001 1570
390001 1570
400001 1570
410001 1570
420001 1570
430001 1570
440001 1570
450001 1570
460001 1570
470001 1570
480001 1570
490001 1570
500000 1570
1 46880
10001 5780
20001 3680
30001 3660
40001 1630
50001 1450
60001 1440
70001 1440
80001 1440
90001 1380
100001 1380
110001 1380
120001 1380
130001 1380
140001 1380
150001 1380
160001 1380
170001 1370
180001 1370
190001 1320
200001 1320
210001 1320
220001 1320
230001 1320
240001 1310
250001 1300
260001 1300
270001 1300
280001 1290
290001 1290
300001 1290
310001 1290
320001 1290
330001 1290
340001 1290
350001 1290
360001 1290
370001 1290
380001 1290
390001 1290
400001 1290
410001 1290
420001 1290
430001 1290
440001 1290
450001 1290
460001 1270
470001 1270
480001 1270
490001 1270
500000 1270
1 47070
10001 6600
20001 5380
30001 3510
40001 3510
50001 2450
60001 2450
70001 1410
80001 1370
90001 1370
100001 1330
110001 1330
120001 1300
130001 1290
140001 1270
150001 1270
160001 1260
170001 1260
180001 1260
190001 1250
200001 1240
210001 1240
220001 1240
230001 1240
240001 1230
250001 1230
260001 1230
270001 1230
280001 1230
290001 1230
300001 1230
310001 1230
320001 1230
330001 1230
340001 1230
350001 1230
360001 1230
370001 1230
380001 1230
390001 1230
400001 1230
410001 1230
420001 1230
430001 1230
440001 1230
450001 1230
460001 1230
470001 1230
480001 1230
490001 1230
500000 1230
1 44970
10001 6830
20001 6730
30001 4770
40001 4620
50001 3600
60001 3560
70001 3560
80001 3540
90001 3540
100001 3540
110001 3540
120001 3500
130001 2590
140001 2550
150001 2550
160001 2550
170001 2550
180001 2550
190001 2550
200001 2530
210001 2520
220001 2500
230001 2470
240001 2470
250001 2460
260001 2460
270001 2460
280001 2460
290001 2440
300001 2420
310001 2410
320001 2410
330001 2410
340001 2410
350001 2410
360001 2410
370001 2410
380001 2410
390001 2410
400001 2410
410001 2410
420001 2410
430001 2410
440001 2410
450001 2410
460001 2410
470001 2410
480001 2410
490001 2410
500000 2410
