1 54740
10001 33650
20001 30830
30001 30830
40001 30830
50001 30830
60001 30830
70001 30830
80001 30830
90001 30830
100000 30830
1 49060
10001 27800
20001 27800
30001 27800
40001 27800
50001 27800
60001 27800
70001 27800
80001 27800
90001 27800
100000 27800
1 49760
10001 31920
20001 31920
30001 30720
40001 29730
50001 29730
60001 29730
70001 29730
80001 29730
90001 29730
100000 29730
1 50170
10001 31290
20001 31290
30001 31290
40001 31290
50001 31290
60001 31290
70001 30800
80001 30800
90001 30800
100000 30800
1 44100
10001 30750
20001 30750
30001 30750
40001 30750
50001 30750
60001 30750
70001 30750
80001 30750
90001 30750
100000 30750
1 48920
10001 31690
20001 31000
30001 31000
40001 31000
50001 31000
60001 30890
70001 30890
80001 30110
90001 30110
100000 30110
1 52570
10001 33730
20001 32540
30001 31900
40001 31900
50001 31900
60001 31900
70001 29970
80001 29970
90001 29970
100000 29970
1 48880
10001 31660
20001 30680
30001 30680
40001 30680
50001 30680
60001 29950
70001 29950
80001 29950
90001 29950
100000 29950
1 39750
10001 31850
20001 31850
30001 31850
40001 29840
50001 29840
60001 29840
70001 29840
80001 29840
90001 29840
100000 29840
1 50020
10001 32760
20001 28940
30001 28940
40001 28940
50001 28940
60001 28940
70001 28940
80001 28940
90001 28940
100000 28940
