1 44840
10001 47940
20001 39870
30001 44790
40001 50040
50001 45700
60001 46800
70001 45920
80001 54130
90001 46910
100000 51140
1 48880
10001 54830
20001 43800
30001 46150
40001 42780
50001 52770
60001 50040
70001 47070
80001 40220
90001 49690
100000 44890
1 49830
10001 49110
20001 47790
30001 44970
40001 48690
50001 43820
60001 49680
70001 43950
80001 49800
90001 47830
100000 53010
1 40780
10001 48600
20001 43790
30001 43960
40001 49830
50001 56150
60001 41130
70001 48890
80001 41970
90001 39170
100000 39700
1 44820
10001 44540
20001 42850
30001 49990
40001 52030
50001 45760
60001 49840
70001 47570
80001 49250
90001 47690
100000 45900
1 40780
10001 48910
20001 46860
30001 42590
40001 46790
50001 42960
60001 43820
70001 44880
80001 49540
90001 42750
100000 43870
1 47020
10001 39930
20001 49770
30001 45840
40001 50160
50001 46810
60001 37280
70001 51920
80001 49820
90001 46730
100000 48600
1 39740
10001 43790
20001 53710
30001 52760
40001 46830
50001 49030
60001 37940
70001 42920
80001 40030
90001 43820
100000 52620
1 50610
10001 55070
20001 47560
30001 37990
40001 45870
50001 47010
60001 48200
70001 41150
80001 46770
90001 50620
100000 47570
1 52750
10001 49110
20001 51260
30001 43820
40001 49040
50001 39670
60001 47870
70001 45700
80001 49890
90001 51010
100000 47840
