10001 47170 4.16764e+06 912.978
20001 3656 313864 250.545
30001 3030 177800 188.574
40001 2774 165944 182.178
50001 2554 9344 43.2296
60001 2526 9744 44.1452
70001 2470 18680 61.1228
80001 2462 19096 61.7997
90001 2422 26336 72.5755
100001 2376 15824 56.2566
110001 2376 15824 56.2566
120001 2338 11576 48.1165
130001 2314 6664 36.5075
140001 2298 5416 32.912
150001 2284 7264 38.1156
160001 2266 11144 47.2102
170001 2240 10520 45.8694
180001 2160 12680 50.3587
190001 2134 8104 40.2592
200001 2108 7616 39.0282
210001 2086 10904 46.699
220001 2074 14984 54.743
230001 2034 9984 44.6856
240001 2020 7640 39.0896
250001 1996 5904 34.3628
260001 1956 5344 32.6925
270001 1940 5840 34.176
280001 1910 3080 24.8193
290001 1864 7544 38.8433
300001 1856 7944 39.8598
310001 1852 8616 41.5114
320001 1828 7056 37.5659
330001 1808 9096 42.6521
340001 1778 14976 54.7284
350001 1758 14976 54.7284
360001 1748 14456 53.7699
370001 1738 15176 55.0926
380001 1734 16744 57.8688
390001 1730 15800 56.2139
400001 1726 14984 54.743
410001 1726 14984 54.743
420001 1722 14776 54.3618
430001 1722 14776 54.3618
440001 1716 15784 56.1854
450001 1716 15784 56.1854
460001 1716 15784 56.1854
470001 1702 15896 56.3844
480001 1698 16216 56.9491
490001 1698 16216 56.9491
500001 1698 16216 56.9491
510000 1698 16216 56.9491
