1 45960
10001 3520
20001 2590
30001 2530
40001 2460
50001 2420
60001 2270
70001 2270
80001 2210
90001 2210
100001 2210
110001 2210
120001 2210
130001 2210
140001 2210
150001 2210
160001 2170
170001 2000
180001 1990
190001 1950
200001 1940
210001 1880
220001 1880
230001 1870
240001 1870
250001 1870
260001 1870
270001 1860
280001 1730
290001 1730
300001 1730
310001 1730
320001 1680
330001 1580
340001 1560
350001 1550
360001 1550
370001 1530
380001 1530
390001 1530
400001 1530
410001 1530
420001 1530
430001 1510
440001 1510
450001 1510
460001 1510
470001 1510
480001 1510
490001 1510
500000 1510
1 50970
10001 4650
20001 3460
30001 2610
40001 2510
50001 2460
60001 2460
70001 2420
80001 2310
90001 2310
100001 2310
110001 2310
120001 2310
130001 2310
140001 2310
150001 2300
160001 2300
170001 2290
180001 2220
190001 2190
200001 2190
210001 2190
220001 2180
230001 2120
240001 2070
250001 2000
260001 1990
270001 1970
280001 1960
290001 1960
300001 1960
310001 1900
320001 1880
330001 1860
340001 1860
350001 1860
360001 1860
370001 1860
380001 1840
390001 1820
400001 1820
410001 1820
420001 1820
430001 1820
440001 1820
450001 1820
460001 1820
470001 1820
480001 1820
490001 1820
500000 1820
1 46880
10001 2910
20001 2870
30001 2660
40001 2660
50001 2660
60001 2610
70001 2610
80001 2590
90001 2590
100001 2590
110001 2530
120001 2460
130001 2430
140001 2430
150001 2430
160001 2370
170001 2150
180001 2150
190001 2150
200001 2150
210001 2150
220001 2060
230001 2060
240001 2020
250001 1990
260001 1980
270001 1960
280001 1940
290001 1940
300001 1940
310001 1930
320001 1920
330001 1920
340001 1890
350001 1870
360001 1870
370001 1870
380001 1870
390001 1870
400001 1870
410001 1870
420001 1870
430001 1860
440001 1860
450001 1860
460001 1860
470001 1860
480001 1860
490001 1860
500000 1860
1 47070
10001 3600
20001 3600
30001 3580
40001 2680
50001 2630
60001 2630
70001 2630
80001 2630
90001 2410
100001 2410
110001 2280
120001 2280
130001 2280
140001 2280
150001 2280
160001 2280
170001 2280
180001 2230
190001 2170
200001 2170
210001 2170
220001 2070
230001 2070
240001 2070
250001 2050
260001 2030
270001 1930
280001 1890
290001 1870
300001 1870
310001 1850
320001 1850
330001 1830
340001 1800
350001 1780
360001 1760
370001 1760
380001 1760
390001 1760
400001 1760
410001 1740
420001 1740
430001 1740
440001 1740
450001 1740
460001 1670
470001 1650
480001 1650
490001 1650
500000 1650
1 44970
10001 3600
20001 2630
30001 2490
40001 2460
50001 2460
60001 2380
70001 2380
80001 2370
90001 2360
100001 2360
110001 2360
120001 2310
130001 2260
140001 2190
150001 2110
160001 2080
170001 2080
180001 2080
190001 2080
200001 1980
210001 1980
220001 1980
230001 1980
240001 1950
250001 1870
260001 1830
270001 1830
280001 1800
290001 1780
300001 1760
310001 1730
320001 1710
330001 1700
340001 1680
350001 1680
360001 1650
370001 1650
380001 1650
390001 1650
400001 1650
410001 1650
420001 1650
430001 1650
440001 1650
450001 1650
460001 1650
470001 1650
480001 1650
490001 1650
500000 1650
