1 45990
10001 3730
20001 2650
30001 2580
40001 2740
50001 2580
60001 2440
70001 2350
80001 2320
90001 2440
100001 2430
110001 2540
120001 2510
130001 2370
140001 2300
150001 2450
160001 2280
170001 2160
180001 2010
190001 2040
200001 2010
210001 2060
220001 1940
230001 2040
240001 2050
250001 2060
260001 1960
270001 1930
280001 1750
290001 1790
300001 1780
310001 1780
320001 1720
330001 1620
340001 1560
350001 1560
360001 1580
370001 1550
380001 1530
390001 1560
400001 1540
410001 1550
420001 1540
430001 1510
440001 1510
450001 1510
460001 1510
470001 1510
480001 1510
490001 1510
500000 1510
1 49980
10001 4730
20001 3660
30001 2640
40001 2600
50001 2590
60001 2670
70001 2510
80001 2400
90001 2530
100001 2500
110001 2640
120001 2450
130001 2410
140001 2470
150001 2510
160001 2420
170001 2430
180001 2300
190001 2270
200001 2300
210001 2310
220001 2330
230001 2210
240001 2180
250001 2060
260001 2060
270001 1980
280001 2110
290001 2080
300001 1990
310001 1940
320001 1930
330001 1920
340001 1880
350001 1900
360001 1890
370001 1900
380001 1850
390001 1820
400001 1820
410001 1830
420001 1830
430001 1820
440001 1820
450001 1820
460001 1820
470001 1820
480001 1820
490001 1820
500000 1820
1 46880
10001 3020
20001 3000
30001 2810
40001 3030
50001 2920
60001 2830
70001 2850
80001 2670
90001 2820
100001 2700
110001 2660
120001 2710
130001 2590
140001 2660
150001 2580
160001 2370
170001 2230
180001 2470
190001 2510
200001 2360
210001 2350
220001 2160
230001 2120
240001 2120
250001 2130
260001 2100
270001 2010
280001 2000
290001 2010
300001 1990
310001 1990
320001 2000
330001 1950
340001 1910
350001 1910
360001 1910
370001 1900
380001 1880
390001 1870
400001 1870
410001 1870
420001 1870
430001 1860
440001 1860
450001 1860
460001 1860
470001 1860
480001 1860
490001 1860
500000 1860
1 47070
10001 3980
20001 3920
30001 3730
40001 2760
50001 2840
60001 2810
70001 2790
80001 2730
90001 2500
100001 2570
110001 2590
120001 2470
130001 2450
140001 2410
150001 2480
160001 2460
170001 2600
180001 2310
190001 2270
200001 2280
210001 2340
220001 2270
230001 2360
240001 2120
250001 2150
260001 2050
270001 1970
280001 1920
290001 1910
300001 1980
310001 1850
320001 1880
330001 1840
340001 1830
350001 1810
360001 1780
370001 1780
380001 1770
390001 1790
400001 1770
410001 1740
420001 1740
430001 1740
440001 1740
450001 1740
460001 1670
470001 1650
480001 1650
490001 1650
500000 1650
1 44970
10001 3720
20001 2750
30001 2690
40001 2790
50001 2600
60001 2570
70001 2580
80001 2510
90001 2600
100001 2500
110001 2390
120001 2470
130001 2480
140001 2190
150001 2220
160001 2160
170001 2270
180001 2180
190001 2120
200001 2200
210001 2220
220001 2120
230001 2150
240001 2000
250001 1920
260001 1910
270001 1920
280001 1880
290001 1930
300001 1790
310001 1780
320001 1760
330001 1710
340001 1750
350001 1710
360001 1690
370001 1690
380001 1670
390001 1650
400001 1660
410001 1660
420001 1660
430001 1650
440001 1650
450001 1660
460001 1650
470001 1650
480001 1650
490001 1650
500000 1650
