10001 46978 2.80766e+06 749.354
20001 3836 302104 245.806
30001 3196 254984 225.825
40001 2890 182120 190.851
50001 2784 19384 62.264
60001 2706 20864 64.5972
70001 2664 21584 65.7024
80001 2616 33664 82.0536
90001 2526 24184 69.5471
100001 2578 17296 58.815
110001 2540 8360 40.8901
120001 2564 9304 43.137
130001 2522 9216 42.9325
140001 2460 5600 33.4664
150001 2406 25304 71.1393
160001 2448 14856 54.5087
170001 2338 11536 48.0333
180001 2338 25016 70.7333
190001 2254 23384 68.3871
200001 2242 25816 71.8554
210001 2230 14720 54.2586
220001 2256 11704 48.3818
230001 2164 18184 60.3059
240001 2176 11464 47.8832
250001 2094 3904 27.9428
260001 2064 6504 36.0666
270001 2016 4904 31.3177
280001 1962 1096 14.8054
290001 1932 14456 53.7699
300001 1944 9584 43.7813
310001 1906 9784 44.2357
320001 1868 7176 37.884
330001 1858 10896 46.6819
340001 1808 15736 56.0999
350001 1786 15704 56.0428
360001 1778 17096 58.4739
370001 1770 15320 55.3534
380001 1764 17704 59.5046
390001 1740 16320 57.1314
400001 1738 13256 51.4898
410001 1732 14056 53.0208
420001 1730 13400 51.7687
430001 1728 14136 53.1714
440001 1716 15784 56.1854
450001 1716 15784 56.1854
460001 1718 15536 55.7423
470001 1702 15896 56.3844
480001 1698 16216 56.9491
490001 1698 16216 56.9491
500001 1698 16216 56.9491
510000 1698 16216 56.9491
