gc=0.999991
1 Fitness= 45990 Best= 45960
10001 Fitness= 3730 Best= 3520
20001 Fitness= 2650 Best= 2590
30001 Fitness= 2580 Best= 2530
40001 Fitness= 2740 Best= 2460
50001 Fitness= 2580 Best= 2420
60001 Fitness= 2440 Best= 2270
70001 Fitness= 2350 Best= 2270
80001 Fitness= 2320 Best= 2210
90001 Fitness= 2440 Best= 2210
100001 Fitness= 2430 Best= 2210
110001 Fitness= 2540 Best= 2210
120001 Fitness= 2510 Best= 2210
130001 Fitness= 2370 Best= 2210
140001 Fitness= 2300 Best= 2210
150001 Fitness= 2450 Best= 2210
160001 Fitness= 2280 Best= 2170
170001 Fitness= 2160 Best= 2000
180001 Fitness= 2010 Best= 1990
190001 Fitness= 2040 Best= 1950
200001 Fitness= 2010 Best= 1940
210001 Fitness= 2060 Best= 1880
220001 Fitness= 1940 Best= 1880
230001 Fitness= 2040 Best= 1870
240001 Fitness= 2050 Best= 1870
250001 Fitness= 2060 Best= 1870
260001 Fitness= 1960 Best= 1870
270001 Fitness= 1930 Best= 1860
280001 Fitness= 1750 Best= 1730
290001 Fitness= 1790 Best= 1730
300001 Fitness= 1780 Best= 1730
310001 Fitness= 1780 Best= 1730
320001 Fitness= 1720 Best= 1680
330001 Fitness= 1620 Best= 1580
340001 Fitness= 1560 Best= 1560
350001 Fitness= 1560 Best= 1550
360001 Fitness= 1580 Best= 1550
370001 Fitness= 1550 Best= 1530
380001 Fitness= 1530 Best= 1530
390001 Fitness= 1560 Best= 1530
400001 Fitness= 1540 Best= 1530
410001 Fitness= 1550 Best= 1530
420001 Fitness= 1540 Best= 1530
430001 Fitness= 1510 Best= 1510
440001 Fitness= 1510 Best= 1510
450001 Fitness= 1510 Best= 1510
460001 Fitness= 1510 Best= 1510
470001 Fitness= 1510 Best= 1510
480001 Fitness= 1510 Best= 1510
490001 Fitness= 1510 Best= 1510
500000 Fitness= 1510 Best= 1510


=== RESULTS (last random solution) ===

Over-allocated projects (violations) :
PRJ_ID	N_ALLOC	MAX
Complete List of Project Allocations Made:
STUDENT	CHOICE	PRJ_ID	N_ALLOC	MAX
1	1	9426	5	5
2	1	9911	1	1
3	1	10767	1	1
4	1	9166	1	2
5	1	9996	1	1
6	1	10000	1	1
7	1	10587	1	1
8	1	9426	5	5
9	1	10607	1	1
10	1	10088	1	4
11	1	10044	1	1
12	2	10147	1	2
13	3	9426	5	5
14	2	9689	1	1
15	1	10253	1	1
16	4	9624	2	2
17	1	10022	2	2
18	1	10327	2	4
19	2	10012	1	1
20	3	9105	1	1
21	1	10667	1	1
22	1	9528	1	1
23	1	9007	3	3
24	2	9999	4	4
25	1	9426	5	5
26	5	9265	4	4
27	1	10271	1	4
28	1	10016	1	1
29	1	10347	7	7
30	5	10187	1	1
31	3	10427	1	2
32	1	9992	1	1
33	1	10001	3	3
34	2	9982	2	2
35	1	9209	1	1
36	1	9972	1	1
37	1	9912	1	1
38	5	10001	3	3
39	1	10022	2	2
40	4	9265	4	4
41	2	10030	2	2
42	2	10107	3	4
43	1	10807	1	1
44	1	9667	2	2
45	4	10470	1	2
46	2	9565	1	1
47	1	9226	2	2
48	1	10064	2	2
49	3	9619	1	1
50	1	9265	4	4
51	3	10687	2	2
52	2	10023	1	2
53	1	9006	3	3
54	1	9624	2	2
55	2	10472	4	4
56	5	8646	1	1
57	1	10259	1	2
58	1	10268	1	2
59	1	10249	1	1
60	2	9993	1	1
61	2	9249	1	1
62	2	10327	2	4
63	1	10347	7	7
64	1	10347	7	7
65	3	9728	2	2
66	2	9728	2	2
67	4	10472	4	4
68	4	10472	4	4
69	2	9246	2	2
70	5	9405	1	1
71	4	10064	2	2
72	1	10030	2	2
73	1	9999	4	4
74	1	10347	7	7
75	1	10046	2	4
76	1	9465	1	1
77	1	10046	2	4
78	4	10472	4	4
79	5	10001	3	3
80	1	10010	1	1
81	1	9999	4	4
82	3	8985	1	1
83	1	9887	3	3
84	1	9887	3	3
85	2	10039	2	2
86	1	9245	2	2
87	1	10013	1	1
88	1	10347	7	7
89	2	10025	1	1
90	1	10127	2	4
91	1	9982	2	2
92	3	9787	1	2
93	3	10032	1	1
94	1	10367	1	1
95	1	8825	1	1
96	3	9007	3	3
97	1	9246	2	2
98	2	9887	3	3
99	1	10627	1	1
100	1	10062	1	1
101	1	9984	1	1
102	1	9226	2	2
103	1	10508	2	2
104	3	9989	1	1
105	1	10347	7	7
106	3	10002	1	1
107	1	9627	1	1
108	1	10747	1	1
109	2	9007	3	3
110	1	10007	1	1
111	1	10170	1	1
112	1	9306	1	1
113	1	10707	1	1
114	5	9325	1	1
115	5	9967	1	1
116	5	9265	4	4
117	1	9006	3	3
118	1	10128	1	1
119	3	9976	1	1
120	4	9205	1	1
121	2	9616	1	1
122	2	9206	1	1
123	2	9999	4	4
124	1	9927	1	1
125	1	8885	1	1
126	3	9446	1	1
127	1	10026	1	2
128	4	10567	1	1
129	2	9545	1	1
130	3	9207	1	1
131	1	10045	1	2
132	1	9208	1	1
133	2	10648	1	1
134	4	10107	3	4
135	1	10508	2	2
136	5	9667	2	2
137	1	9788	1	1
138	3	10729	1	1
139	5	10527	1	1
140	5	10039	2	2
141	1	9426	5	5
142	3	9827	1	1
143	3	10056	1	1
144	4	9485	1	2
145	1	10048	1	1
146	5	9968	1	1
147	1	10127	2	4
148	1	9613	1	1
149	3	10015	1	1
150	1	10347	7	7
151	2	9389	1	1
152	2	9245	2	2
153	2	9006	3	3
154	1	10787	1	1
155	1	10687	2	2
156	2	10107	3	4
157	1	10248	1	1
Summary details:
#violations= 0
fitness= 1510
86 students got their choice 1 project
28 students got their choice 2 project
19 students got their choice 3 project
11 students got their choice 4 project
13 students got their choice 5 project
gc=0.999991
1 Fitness= 49980 Best= 50970
10001 Fitness= 4730 Best= 4650
20001 Fitness= 3660 Best= 3460
30001 Fitness= 2640 Best= 2610
40001 Fitness= 2600 Best= 2510
50001 Fitness= 2590 Best= 2460
60001 Fitness= 2670 Best= 2460
70001 Fitness= 2510 Best= 2420
80001 Fitness= 2400 Best= 2310
90001 Fitness= 2530 Best= 2310
100001 Fitness= 2500 Best= 2310
110001 Fitness= 2640 Best= 2310
120001 Fitness= 2450 Best= 2310
130001 Fitness= 2410 Best= 2310
140001 Fitness= 2470 Best= 2310
150001 Fitness= 2510 Best= 2300
160001 Fitness= 2420 Best= 2300
170001 Fitness= 2430 Best= 2290
180001 Fitness= 2300 Best= 2220
190001 Fitness= 2270 Best= 2190
200001 Fitness= 2300 Best= 2190
210001 Fitness= 2310 Best= 2190
220001 Fitness= 2330 Best= 2180
230001 Fitness= 2210 Best= 2120
240001 Fitness= 2180 Best= 2070
250001 Fitness= 2060 Best= 2000
260001 Fitness= 2060 Best= 1990
270001 Fitness= 1980 Best= 1970
280001 Fitness= 2110 Best= 1960
290001 Fitness= 2080 Best= 1960
300001 Fitness= 1990 Best= 1960
310001 Fitness= 1940 Best= 1900
320001 Fitness= 1930 Best= 1880
330001 Fitness= 1920 Best= 1860
340001 Fitness= 1880 Best= 1860
350001 Fitness= 1900 Best= 1860
360001 Fitness= 1890 Best= 1860
370001 Fitness= 1900 Best= 1860
380001 Fitness= 1850 Best= 1840
390001 Fitness= 1820 Best= 1820
400001 Fitness= 1820 Best= 1820
410001 Fitness= 1830 Best= 1820
420001 Fitness= 1830 Best= 1820
430001 Fitness= 1820 Best= 1820
440001 Fitness= 1820 Best= 1820
450001 Fitness= 1820 Best= 1820
460001 Fitness= 1820 Best= 1820
470001 Fitness= 1820 Best= 1820
480001 Fitness= 1820 Best= 1820
490001 Fitness= 1820 Best= 1820
500000 Fitness= 1820 Best= 1820


=== RESULTS (last random solution) ===

Over-allocated projects (violations) :
PRJ_ID	N_ALLOC	MAX
Complete List of Project Allocations Made:
STUDENT	CHOICE	PRJ_ID	N_ALLOC	MAX
1	1	9426	5	5
2	4	9105	1	1
3	1	10767	1	1
4	1	9166	1	2
5	1	9996	1	1
6	3	8826	1	1
7	1	10587	1	1
8	1	9426	5	5
9	2	9205	1	1
10	1	10088	1	4
11	1	10044	1	1
12	2	10147	1	2
13	1	10607	1	1
14	5	9787	2	2
15	1	10253	1	1
16	3	9667	2	2
17	1	10022	2	2
18	1	10327	2	4
19	5	10508	2	2
20	1	9426	5	5
21	1	10667	1	1
22	1	9528	1	1
23	1	9007	3	3
24	2	9999	4	4
25	3	10472	4	4
26	3	9999	4	4
27	1	10271	1	4
28	1	10016	1	1
29	1	10347	7	7
30	3	9225	2	2
31	1	9993	1	1
32	3	9489	1	2
33	1	10001	2	3
34	2	9982	2	2
35	3	9688	1	1
36	2	9225	2	2
37	1	9912	1	1
38	4	9265	4	4
39	1	10022	2	2
40	5	10015	1	1
41	2	10030	2	2
42	2	10107	2	4
43	1	10807	1	1
44	3	9689	1	1
45	4	10470	1	2
46	3	9206	1	1
47	1	9226	2	2
48	3	9991	1	1
49	1	9545	1	1
50	1	9265	4	4
51	1	9208	1	1
52	2	10023	1	2
53	1	9006	3	3
54	3	9982	2	2
55	2	10472	4	4
56	4	9426	5	5
57	1	10259	1	2
58	3	10527	1	1
59	1	10249	1	1
60	5	9209	1	1
61	2	9249	1	1
62	2	10327	2	4
63	1	10347	7	7
64	1	10347	7	7
65	3	9728	1	2
66	1	10687	2	2
67	4	10472	4	4
68	3	9265	4	4
69	5	9624	2	2
70	4	9245	2	2
71	4	10064	2	2
72	1	10030	2	2
73	3	9624	2	2
74	1	10347	7	7
75	5	10012	1	1
76	1	9465	1	1
77	1	10046	2	4
78	4	10472	4	4
79	3	9265	4	4
80	1	10010	1	1
81	1	9999	4	4
82	3	8985	1	1
83	1	9887	3	3
84	1	9887	3	3
85	2	10039	2	2
86	4	9968	1	1
87	2	10042	1	1
88	1	10347	7	7
89	2	10025	1	1
90	1	10127	1	4
91	5	9246	2	2
92	3	9787	2	2
93	3	10032	1	1
94	1	10367	1	1
95	1	8825	1	1
96	4	10046	2	4
97	5	9565	1	1
98	2	9887	3	3
99	1	10627	1	1
100	1	10062	1	1
101	1	9984	1	1
102	1	9226	2	2
103	2	10507	1	1
104	3	9989	1	1
105	1	10347	7	7
106	1	10013	1	1
107	2	10002	1	1
108	1	10747	1	1
109	2	9007	3	3
110	1	10007	1	1
111	1	10170	1	1
112	5	9025	1	1
113	1	10707	1	1
114	1	9627	1	1
115	2	9426	5	5
116	1	9245	2	2
117	1	9006	3	3
118	1	10128	1	1
119	3	9976	1	1
120	2	9619	1	1
121	1	10001	2	3
122	3	9007	3	3
123	2	9999	4	4
124	1	9927	1	1
125	1	8885	1	1
126	3	9446	1	1
127	1	10026	1	2
128	4	10567	1	1
129	4	10547	1	1
130	3	9207	1	1
131	1	10045	1	2
132	4	10331	1	1
133	2	10648	1	1
134	2	10187	1	1
135	1	10508	2	2
136	5	9667	2	2
137	1	9788	1	1
138	3	10729	1	1
139	4	10064	2	2
140	5	10039	2	2
141	3	9972	1	1
142	5	9405	1	1
143	3	10056	1	1
144	4	9485	1	2
145	1	10048	1	1
146	2	9827	1	1
147	3	10471	1	1
148	3	8646	1	1
149	5	9647	1	1
150	1	10347	7	7
151	2	9389	1	1
152	1	9246	2	2
153	2	9006	3	3
154	1	10787	1	1
155	1	10687	2	2
156	2	10107	2	4
157	1	10248	1	1
Summary details:
#violations= 0
fitness= 1820
73 students got their choice 1 project
27 students got their choice 2 project
29 students got their choice 3 project
15 students got their choice 4 project
13 students got their choice 5 project
gc=0.999991
1 Fitness= 46880 Best= 46880
10001 Fitness= 3020 Best= 2910
20001 Fitness= 3000 Best= 2870
30001 Fitness= 2810 Best= 2660
40001 Fitness= 3030 Best= 2660
50001 Fitness= 2920 Best= 2660
60001 Fitness= 2830 Best= 2610
70001 Fitness= 2850 Best= 2610
80001 Fitness= 2670 Best= 2590
90001 Fitness= 2820 Best= 2590
100001 Fitness= 2700 Best= 2590
110001 Fitness= 2660 Best= 2530
120001 Fitness= 2710 Best= 2460
130001 Fitness= 2590 Best= 2430
140001 Fitness= 2660 Best= 2430
150001 Fitness= 2580 Best= 2430
160001 Fitness= 2370 Best= 2370
170001 Fitness= 2230 Best= 2150
180001 Fitness= 2470 Best= 2150
190001 Fitness= 2510 Best= 2150
200001 Fitness= 2360 Best= 2150
210001 Fitness= 2350 Best= 2150
220001 Fitness= 2160 Best= 2060
230001 Fitness= 2120 Best= 2060
240001 Fitness= 2120 Best= 2020
250001 Fitness= 2130 Best= 1990
260001 Fitness= 2100 Best= 1980
270001 Fitness= 2010 Best= 1960
280001 Fitness= 2000 Best= 1940
290001 Fitness= 2010 Best= 1940
300001 Fitness= 1990 Best= 1940
310001 Fitness= 1990 Best= 1930
320001 Fitness= 2000 Best= 1920
330001 Fitness= 1950 Best= 1920
340001 Fitness= 1910 Best= 1890
350001 Fitness= 1910 Best= 1870
360001 Fitness= 1910 Best= 1870
370001 Fitness= 1900 Best= 1870
380001 Fitness= 1880 Best= 1870
390001 Fitness= 1870 Best= 1870
400001 Fitness= 1870 Best= 1870
410001 Fitness= 1870 Best= 1870
420001 Fitness= 1870 Best= 1870
430001 Fitness= 1860 Best= 1860
440001 Fitness= 1860 Best= 1860
450001 Fitness= 1860 Best= 1860
460001 Fitness= 1860 Best= 1860
470001 Fitness= 1860 Best= 1860
480001 Fitness= 1860 Best= 1860
490001 Fitness= 1860 Best= 1860
500000 Fitness= 1860 Best= 1860


=== RESULTS (last random solution) ===

Over-allocated projects (violations) :
PRJ_ID	N_ALLOC	MAX
Complete List of Project Allocations Made:
STUDENT	CHOICE	PRJ_ID	N_ALLOC	MAX
1	2	10471	1	1
2	1	9911	1	1
3	1	10767	1	1
4	1	9166	1	2
5	1	9996	1	1
6	1	10000	1	1
7	1	10587	1	1
8	1	9426	5	5
9	4	9446	1	1
10	1	10088	1	4
11	1	10044	1	1
12	2	10147	1	2
13	3	9426	5	5
14	2	9689	1	1
15	1	10253	1	1
16	3	9667	2	2
17	1	10022	2	2
18	1	10327	2	4
19	4	9007	3	3
20	1	9426	5	5
21	1	10667	1	1
22	1	9528	1	1
23	1	9007	3	3
24	5	10248	1	1
25	3	10472	3	4
26	3	9999	4	4
27	1	10271	1	4
28	1	10016	1	1
29	1	10347	7	7
30	3	9225	2	2
31	1	9993	1	1
32	3	9489	1	2
33	1	10001	3	3
34	1	9827	1	1
35	1	9209	1	1
36	2	9225	2	2
37	5	9968	1	1
38	5	10001	3	3
39	1	10022	2	2
40	5	10015	1	1
41	5	9787	2	2
42	2	10107	3	4
43	1	10807	1	1
44	1	9667	2	2
45	4	10470	1	2
46	3	9206	1	1
47	1	9226	2	2
48	3	9991	1	1
49	3	9619	1	1
50	1	9265	4	4
51	1	9208	1	1
52	2	10023	1	2
53	1	9006	3	3
54	3	9982	2	2
55	1	9426	5	5
56	1	10127	2	4
57	1	10259	1	2
58	4	9989	1	1
59	2	9249	1	1
60	1	9992	1	1
61	4	10249	1	1
62	2	10327	2	4
63	1	10347	7	7
64	1	10347	7	7
65	3	9728	1	2
66	1	10687	2	2
67	1	9426	5	5
68	4	10472	3	4
69	2	9246	2	2
70	5	9405	1	1
71	4	10064	2	2
72	5	10472	3	4
73	5	10567	1	1
74	1	10347	7	7
75	1	10046	2	4
76	2	9947	1	1
77	5	10012	1	1
78	1	9887	3	3
79	3	9265	4	4
80	1	10010	1	1
81	1	9999	4	4
82	3	8985	1	1
83	1	9887	3	3
84	1	9887	3	3
85	2	10039	2	2
86	5	10527	1	1
87	2	10042	1	1
88	1	10347	7	7
89	2	10025	1	1
90	4	9205	1	1
91	1	9982	2	2
92	3	9787	2	2
93	3	10032	1	1
94	1	10367	1	1
95	2	10039	2	2
96	4	10046	2	4
97	5	9565	1	1
98	1	8825	1	1
99	1	10627	1	1
100	1	10062	1	1
101	4	9888	1	1
102	1	9226	2	2
103	1	10508	2	2
104	4	9265	4	4
105	1	10347	7	7
106	1	10013	1	1
107	2	10002	1	1
108	1	10747	1	1
109	5	9505	1	1
110	1	10007	1	1
111	1	10170	1	1
112	1	9306	1	1
113	1	10707	1	1
114	1	9627	1	1
115	5	9967	1	1
116	5	9265	4	4
117	1	9006	3	3
118	1	10128	1	1
119	1	9246	2	2
120	3	9984	1	1
121	1	10001	3	3
122	3	9007	3	3
123	2	9999	4	4
124	1	9927	1	1
125	1	8885	1	1
126	5	10030	1	2
127	5	9611	1	1
128	2	9245	2	2
129	2	9545	1	1
130	3	9207	1	1
131	1	10045	1	2
132	4	10331	1	1
133	5	10187	1	1
134	4	10107	3	4
135	1	10508	2	2
136	1	9624	2	2
137	1	9788	1	1
138	1	9912	1	1
139	4	10064	2	2
140	1	9999	4	4
141	3	9972	1	1
142	2	9245	2	2
143	3	10056	1	1
144	4	9485	1	2
145	1	10048	1	1
146	1	9976	1	1
147	1	10127	2	4
148	1	9613	1	1
149	5	9647	1	1
150	1	10347	7	7
151	1	9465	1	1
152	5	9624	2	2
153	2	9006	3	3
154	1	10787	1	1
155	1	10687	2	2
156	2	10107	3	4
157	5	10034	1	1
Summary details:
#violations= 0
fitness= 1860
81 students got their choice 1 project
21 students got their choice 2 project
20 students got their choice 3 project
15 students got their choice 4 project
20 students got their choice 5 project
gc=0.999991
1 Fitness= 47070 Best= 47070
10001 Fitness= 3980 Best= 3600
20001 Fitness= 3920 Best= 3600
30001 Fitness= 3730 Best= 3580
40001 Fitness= 2760 Best= 2680
50001 Fitness= 2840 Best= 2630
60001 Fitness= 2810 Best= 2630
70001 Fitness= 2790 Best= 2630
80001 Fitness= 2730 Best= 2630
90001 Fitness= 2500 Best= 2410
100001 Fitness= 2570 Best= 2410
110001 Fitness= 2590 Best= 2280
120001 Fitness= 2470 Best= 2280
130001 Fitness= 2450 Best= 2280
140001 Fitness= 2410 Best= 2280
150001 Fitness= 2480 Best= 2280
160001 Fitness= 2460 Best= 2280
170001 Fitness= 2600 Best= 2280
180001 Fitness= 2310 Best= 2230
190001 Fitness= 2270 Best= 2170
200001 Fitness= 2280 Best= 2170
210001 Fitness= 2340 Best= 2170
220001 Fitness= 2270 Best= 2070
230001 Fitness= 2360 Best= 2070
240001 Fitness= 2120 Best= 2070
250001 Fitness= 2150 Best= 2050
260001 Fitness= 2050 Best= 2030
270001 Fitness= 1970 Best= 1930
280001 Fitness= 1920 Best= 1890
290001 Fitness= 1910 Best= 1870
300001 Fitness= 1980 Best= 1870
310001 Fitness= 1850 Best= 1850
320001 Fitness= 1880 Best= 1850
330001 Fitness= 1840 Best= 1830
340001 Fitness= 1830 Best= 1800
350001 Fitness= 1810 Best= 1780
360001 Fitness= 1780 Best= 1760
370001 Fitness= 1780 Best= 1760
380001 Fitness= 1770 Best= 1760
390001 Fitness= 1790 Best= 1760
400001 Fitness= 1770 Best= 1760
410001 Fitness= 1740 Best= 1740
420001 Fitness= 1740 Best= 1740
430001 Fitness= 1740 Best= 1740
440001 Fitness= 1740 Best= 1740
450001 Fitness= 1740 Best= 1740
460001 Fitness= 1670 Best= 1670
470001 Fitness= 1650 Best= 1650
480001 Fitness= 1650 Best= 1650
490001 Fitness= 1650 Best= 1650
500000 Fitness= 1650 Best= 1650


=== RESULTS (last random solution) ===

Over-allocated projects (violations) :
PRJ_ID	N_ALLOC	MAX
Complete List of Project Allocations Made:
STUDENT	CHOICE	PRJ_ID	N_ALLOC	MAX
1	1	9426	5	5
2	1	9911	1	1
3	1	10767	1	1
4	1	9166	1	2
5	1	9996	1	1
6	3	8826	1	1
7	1	10587	1	1
8	1	9426	5	5
9	1	10607	1	1
10	1	10088	1	4
11	1	10044	1	1
12	2	10147	1	2
13	5	9991	1	1
14	1	9667	2	2
15	1	10253	1	1
16	3	9667	2	2
17	1	10022	2	2
18	1	10327	1	4
19	2	10012	1	1
20	1	9426	5	5
21	1	10667	1	1
22	1	9528	1	1
23	1	9007	3	3
24	5	10248	1	1
25	3	10472	4	4
26	5	9265	4	4
27	1	10271	1	4
28	1	10016	1	1
29	1	10347	7	7
30	3	9225	2	2
31	1	9993	1	1
32	3	9489	1	2
33	1	10001	3	3
34	4	9624	2	2
35	1	9209	1	1
36	2	9225	2	2
37	3	9245	2	2
38	4	9265	4	4
39	4	10048	1	1
40	5	10015	1	1
41	2	10030	2	2
42	1	9426	5	5
43	1	10807	1	1
44	3	9689	1	1
45	4	10470	1	2
46	2	9565	1	1
47	1	9226	2	2
48	2	10022	2	2
49	4	9728	2	2
50	1	9265	4	4
51	3	10687	2	2
52	2	10023	1	2
53	1	9006	2	3
54	3	9982	2	2
55	2	10472	4	4
56	5	8646	1	1
57	1	10259	1	2
58	1	10268	1	2
59	1	10249	1	1
60	1	9992	1	1
61	2	9249	1	1
62	1	10032	1	1
63	1	10347	7	7
64	1	10347	7	7
65	3	9728	2	2
66	1	10687	2	2
67	4	10472	4	4
68	4	10472	4	4
69	5	9624	2	2
70	5	9405	1	1
71	4	10064	2	2
72	1	10030	2	2
73	1	9999	4	4
74	1	10347	7	7
75	1	10046	1	4
76	1	9465	1	1
77	3	9688	1	1
78	1	9887	3	3
79	5	10001	3	3
80	1	10010	1	1
81	1	9999	4	4
82	3	8985	1	1
83	1	9887	3	3
84	4	8885	1	1
85	2	10039	2	2
86	5	10527	1	1
87	2	10042	1	1
88	1	10347	7	7
89	2	10025	1	1
90	1	10127	2	4
91	1	9982	2	2
92	3	9787	2	2
93	2	9627	1	1
94	1	10367	1	1
95	2	10039	2	2
96	2	9206	1	1
97	1	9246	2	2
98	1	8825	1	1
99	1	10627	1	1
100	1	10062	1	1
101	4	9888	1	1
102	1	9226	2	2
103	1	10508	2	2
104	3	9989	1	1
105	1	10347	7	7
106	2	10000	1	1
107	2	10002	1	1
108	1	10747	1	1
109	2	9007	3	3
110	1	10007	1	1
111	1	10170	1	1
112	1	9306	1	1
113	1	10707	1	1
114	2	10013	1	1
115	5	9967	1	1
116	5	9265	4	4
117	1	9006	2	3
118	1	10128	1	1
119	2	10567	1	1
120	2	9619	1	1
121	1	10001	3	3
122	1	9205	1	1
123	2	9999	4	4
124	1	9927	1	1
125	3	9446	1	1
126	1	9912	1	1
127	5	9611	1	1
128	2	9245	2	2
129	2	9545	1	1
130	2	9007	3	3
131	1	10045	1	2
132	1	9208	1	1
133	2	10648	1	1
134	2	10187	1	1
135	1	10508	2	2
136	2	9827	1	1
137	1	9788	1	1
138	3	10729	1	1
139	4	10064	2	2
140	2	9787	2	2
141	3	9972	1	1
142	4	9976	1	1
143	3	10056	1	1
144	4	9485	1	2
145	2	9975	1	1
146	5	9968	1	1
147	1	10127	2	4
148	1	9613	1	1
149	5	9647	1	1
150	1	10347	7	7
151	2	9389	1	1
152	1	9246	2	2
153	1	9999	4	4
154	1	10787	1	1
155	3	9616	1	1
156	1	9426	5	5
157	2	9887	3	3
Summary details:
#violations= 0
fitness= 1650
79 students got their choice 1 project
32 students got their choice 2 project
19 students got their choice 3 project
13 students got their choice 4 project
14 students got their choice 5 project
gc=0.999991
1 Fitness= 44970 Best= 44970
10001 Fitness= 3720 Best= 3600
20001 Fitness= 2750 Best= 2630
30001 Fitness= 2690 Best= 2490
40001 Fitness= 2790 Best= 2460
50001 Fitness= 2600 Best= 2460
60001 Fitness= 2570 Best= 2380
70001 Fitness= 2580 Best= 2380
80001 Fitness= 2510 Best= 2370
90001 Fitness= 2600 Best= 2360
100001 Fitness= 2500 Best= 2360
110001 Fitness= 2390 Best= 2360
120001 Fitness= 2470 Best= 2310
130001 Fitness= 2480 Best= 2260
140001 Fitness= 2190 Best= 2190
150001 Fitness= 2220 Best= 2110
160001 Fitness= 2160 Best= 2080
170001 Fitness= 2270 Best= 2080
180001 Fitness= 2180 Best= 2080
190001 Fitness= 2120 Best= 2080
200001 Fitness= 2200 Best= 1980
210001 Fitness= 2220 Best= 1980
220001 Fitness= 2120 Best= 1980
230001 Fitness= 2150 Best= 1980
240001 Fitness= 2000 Best= 1950
250001 Fitness= 1920 Best= 1870
260001 Fitness= 1910 Best= 1830
270001 Fitness= 1920 Best= 1830
280001 Fitness= 1880 Best= 1800
290001 Fitness= 1930 Best= 1780
300001 Fitness= 1790 Best= 1760
310001 Fitness= 1780 Best= 1730
320001 Fitness= 1760 Best= 1710
330001 Fitness= 1710 Best= 1700
340001 Fitness= 1750 Best= 1680
350001 Fitness= 1710 Best= 1680
360001 Fitness= 1690 Best= 1650
370001 Fitness= 1690 Best= 1650
380001 Fitness= 1670 Best= 1650
390001 Fitness= 1650 Best= 1650
400001 Fitness= 1660 Best= 1650
410001 Fitness= 1660 Best= 1650
420001 Fitness= 1660 Best= 1650
430001 Fitness= 1650 Best= 1650
440001 Fitness= 1650 Best= 1650
450001 Fitness= 1660 Best= 1650
460001 Fitness= 1650 Best= 1650
470001 Fitness= 1650 Best= 1650
480001 Fitness= 1650 Best= 1650
490001 Fitness= 1650 Best= 1650
500000 Fitness= 1650 Best= 1650


=== RESULTS (last random solution) ===

Over-allocated projects (violations) :
PRJ_ID	N_ALLOC	MAX
Complete List of Project Allocations Made:
STUDENT	CHOICE	PRJ_ID	N_ALLOC	MAX
1	1	9426	5	5
2	1	9911	1	1
3	1	10767	1	1
4	1	9166	1	2
5	4	9406	1	1
6	1	10000	1	1
7	1	10587	1	1
8	3	9688	1	1
9	4	9446	1	1
10	1	10088	1	4
11	1	10044	1	1
12	1	9996	1	1
13	3	9426	5	5
14	3	9989	1	1
15	1	10253	1	1
16	3	9667	2	2
17	1	10022	2	2
18	1	10327	2	4
19	2	10012	1	1
20	3	9105	1	1
21	1	10667	1	1
22	1	9528	1	1
23	5	10017	1	1
24	5	10248	1	1
25	3	10472	4	4
26	3	9999	4	4
27	1	10271	1	4
28	1	10016	1	1
29	1	10347	7	7
30	3	9225	1	2
31	1	9993	1	1
32	3	9489	1	2
33	1	10001	3	3
34	1	9827	1	1
35	1	9209	1	1
36	1	9972	1	1
37	5	9968	1	1
38	5	10001	3	3
39	1	10022	2	2
40	4	9265	4	4
41	2	10030	2	2
42	1	9426	5	5
43	1	10807	1	1
44	3	9689	1	1
45	1	9787	2	2
46	3	9206	1	1
47	1	9226	2	2
48	3	9991	1	1
49	4	9728	2	2
50	1	9265	4	4
51	1	9208	1	1
52	2	10023	1	2
53	1	9006	3	3
54	4	9667	2	2
55	2	10472	4	4
56	5	8646	1	1
57	1	10259	1	2
58	1	10268	1	2
59	1	10249	1	1
60	1	9992	1	1
61	2	9249	1	1
62	2	10327	2	4
63	1	10347	7	7
64	1	10347	7	7
65	3	9728	2	2
66	1	10687	2	2
67	1	9426	5	5
68	4	10472	4	4
69	4	9976	1	1
70	5	9405	1	1
71	4	10064	2	2
72	1	10030	2	2
73	1	9999	4	4
74	1	10347	7	7
75	1	10046	2	4
76	1	9465	1	1
77	1	10046	2	4
78	1	9887	3	3
79	3	9265	4	4
80	1	10010	1	1
81	3	9245	2	2
82	3	8985	1	1
83	1	9887	3	3
84	2	10332	1	1
85	2	10039	1	2
86	5	10527	1	1
87	1	10013	1	1
88	1	10347	7	7
89	3	10547	1	1
90	1	10127	2	4
91	1	9982	2	2
92	3	9787	2	2
93	3	10032	1	1
94	1	10367	1	1
95	1	8825	1	1
96	3	9007	2	3
97	5	9565	1	1
98	4	10472	4	4
99	1	10627	1	1
100	1	10062	1	1
101	4	9888	1	1
102	1	9226	2	2
103	2	10507	1	1
104	4	9265	4	4
105	1	10347	7	7
106	4	9346	1	1
107	2	10002	1	1
108	1	10747	1	1
109	4	10025	1	1
110	1	10007	1	1
111	1	10170	1	1
112	1	9306	1	1
113	1	10707	1	1
114	1	9627	1	1
115	5	9967	1	1
116	4	9982	2	2
117	1	9006	3	3
118	1	10128	1	1
119	5	9624	2	2
120	2	9619	1	1
121	1	10001	3	3
122	1	9205	1	1
123	2	9999	4	4
124	1	9927	1	1
125	1	8885	1	1
126	1	9912	1	1
127	5	9611	1	1
128	4	10567	1	1
129	2	9545	1	1
130	2	9007	2	3
131	1	10045	1	2
132	4	10331	1	1
133	2	10648	1	1
134	1	10508	2	2
135	1	10508	2	2
136	1	9624	2	2
137	1	9788	1	1
138	3	10729	1	1
139	4	10064	2	2
140	1	9999	4	4
141	1	9426	5	5
142	1	9246	2	2
143	3	10056	1	1
144	4	9485	1	2
145	1	10048	1	1
146	3	9245	2	2
147	1	10127	2	4
148	1	9613	1	1
149	3	10015	1	1
150	1	10347	7	7
151	2	9389	1	1
152	1	9246	2	2
153	2	9006	3	3
154	1	10787	1	1
155	1	10687	2	2
156	2	10107	1	4
157	2	9887	3	3
Summary details:
#violations= 0
fitness= 1650
85 students got their choice 1 project
19 students got their choice 2 project
24 students got their choice 3 project
18 students got their choice 4 project
11 students got their choice 5 project
